A1 B1 C1 0.1 0.15 0.02 0.0 0.1 0.15 0.02 0.72 0.32 1.0
A1 B1 C1 0.1 0.15 0.02 6.5 0.090891781 0.140891781 0.02 0.72 0.32 1.0
A1 B1 C1 0.1 0.15 0.02 13.0 0.072713424 0.122713424 0.02 0.72 0.32 1.0
A1 B1 C1 0.1 0.15 0.02 19.3 0.04544589 0.09544589 0.02 0.72 0.32 1.0
A1 B1 C1 0.1 0.15 0.02 26.0 0.018178356 0.068178356 0.02 0.72 0.32 1.0
A1 B1 C1 0.1 0.1 0.02 0.0 0.1 0.1 0.02 0.72 0.32 1.0
A1 B1 C1 0.1 0.1 0.02 6.5 0.092636628 0.092636628 0.02 0.72 0.32 1.0
A1 B1 C1 0.1 0.1 0.02 13.0 0.074109302 0.074109302 0.02 0.72 0.32 1.0
A1 B1 C1 0.1 0.1 0.02 19.5 0.046318314 0.046318314 0.02 0.72 0.32 1.0
A1 B1 C1 0.1 0.1 0.02 26.0 0.018527326 0.018527326 0.02 0.72 0.32 1.0
A1 B1 C1 0.1 0.15 0.01 0.0 0.1 0.15 0.01 0.72 0.32 1.0
A1 B1 C1 0.1 0.15 0.01 6.2 0.095456363 0.145456363 0.01 0.72 0.32 1.0
A1 B1 C1 0.1 0.15 0.01 13.2 0.07636509 0.12636509 0.01 0.72 0.32 1.0
A1 B1 C1 0.1 0.15 0.01 19.5 0.047728181 0.097728181 0.01 0.72 0.32 1.0
A1 B1 C1 0.1 0.15 0.01 25.7 0.019091273 0.069091273 0.01 0.72 0.32 1.0
A1 B2 C1 0.1 0.15 0.02 0.0 0.1 0.15 0.02 0.9 0.11 0.51
A1 B2 C1 0.1 0.15 0.02 6.8 0.093223522 0.143223522 0.02 0.9 0.11 0.51
A1 B2 C1 0.1 0.15 0.02 13.2 0.074578817 0.124578817 0.02 0.9 0.11 0.51
A1 B2 C1 0.1 0.15 0.02 20.2 0.046611761 0.096611761 0.02 0.9 0.11 0.51
A1 B2 C1 0.1 0.15 0.02 26.8 0.018644704 0.068644704 0.02 0.9 0.11 0.51
A1 B2 C1 0.1 0.1 0.02 0.0 0.1 0.1 0.02 0.9 0.11 0.51
A1 B2 C1 0.1 0.1 0.02 6.5 0.093343795 0.093343795 0.02 0.9 0.11 0.51
A1 B2 C1 0.1 0.1 0.02 13.0 0.074675036 0.074675036 0.02 0.9 0.11 0.51
A1 B2 C1 0.1 0.1 0.02 19.8 0.046671897 0.046671897 0.02 0.9 0.11 0.51
A1 B2 C1 0.1 0.1 0.02 26.5 0.018668759 0.018668759 0.02 0.9 0.11 0.51
A1 B2 C1 0.1 0.15 0.01 0.0 0.1 0.15 0.01 0.9 0.11 0.51
A1 B2 C1 0.1 0.15 0.01 6.5 0.093483727 0.143483727 0.01 0.9 0.11 0.51
A1 B2 C1 0.1 0.15 0.01 13.2 0.074786982 0.124786982 0.01 0.9 0.11 0.51
A1 B2 C1 0.1 0.15 0.01 19.8 0.046741864 0.096741864 0.01 0.9 0.11 0.51
A1 B2 C1 0.1 0.15 0.01 26.5 0.018696745 0.068696745 0.01 0.9 0.11 0.51
A1 B1 C1 0.1 0.15 0.02 0.0 0.1 0.15 0.02 0.72 0.32 1.0
A1 B1 C1 0.1 0.15 0.02 6.2 0.090891781 0.140891781 0.02 0.72 0.32 1.0
A1 B1 C1 0.1 0.15 0.02 12.8 0.072713424 0.122713424 0.02 0.72 0.32 1.0
A1 B1 C1 0.1 0.15 0.02 19.2 0.04544589 0.09544589 0.02 0.72 0.32 1.0
A1 B1 C1 0.1 0.15 0.02 25.8 0.018178356 0.068178356 0.02 0.72 0.32 1.0
A1 B1 C1 0.1 0.1 0.02 0.0 0.1 0.1 0.02 0.72 0.32 1.0
A1 B1 C1 0.1 0.1 0.02 6.5 0.092636628 0.092636628 0.02 0.72 0.32 1.0
A1 B1 C1 0.1 0.1 0.02 13.0 0.074109302 0.074109302 0.02 0.72 0.32 1.0
A1 B1 C1 0.1 0.1 0.02 19.2 0.046318314 0.046318314 0.02 0.72 0.32 1.0
A1 B1 C1 0.1 0.1 0.02 26.0 0.018527326 0.018527326 0.02 0.72 0.32 1.0
A1 B1 C1 0.1 0.15 0.01 0.0 0.1 0.15 0.01 0.72 0.32 1.0
A1 B1 C1 0.1 0.15 0.01 6.5 0.095456363 0.145456363 0.01 0.72 0.32 1.0
A1 B1 C1 0.1 0.15 0.01 13.0 0.07636509 0.12636509 0.01 0.72 0.32 1.0
A1 B1 C1 0.1 0.15 0.01 19.8 0.047728181 0.097728181 0.01 0.72 0.32 1.0
A1 B1 C1 0.1 0.15 0.01 26.2 0.019091273 0.069091273 0.01 0.72 0.32 1.0
A1 B2 C1 0.1 0.15 0.02 0.0 0.1 0.15 0.02 0.9 0.11 0.51
A1 B2 C1 0.1 0.15 0.02 6.8 0.093223522 0.143223522 0.02 0.9 0.11 0.51
A1 B2 C1 0.1 0.15 0.02 13.2 0.074578817 0.124578817 0.02 0.9 0.11 0.51
A1 B2 C1 0.1 0.15 0.02 19.8 0.046611761 0.096611761 0.02 0.9 0.11 0.51
A1 B2 C1 0.1 0.15 0.02 26.8 0.018644704 0.068644704 0.02 0.9 0.11 0.51
A1 B2 C1 0.1 0.1 0.02 0.0 0.1 0.1 0.02 0.9 0.11 0.51
A1 B2 C1 0.1 0.1 0.02 6.5 0.093343795 0.093343795 0.02 0.9 0.11 0.51
A1 B2 C1 0.1 0.1 0.02 13.2 0.074675036 0.074675036 0.02 0.9 0.11 0.51
A1 B2 C1 0.1 0.1 0.02 20.0 0.046671897 0.046671897 0.02 0.9 0.11 0.51
A1 B2 C1 0.1 0.1 0.02 27.0 0.018668759 0.018668759 0.02 0.9 0.11 0.51
A1 B2 C1 0.1 0.15 0.01 0.0 0.1 0.15 0.01 0.9 0.11 0.51
A1 B2 C1 0.1 0.15 0.01 6.5 0.093483727 0.143483727 0.01 0.9 0.11 0.51
A1 B2 C1 0.1 0.15 0.01 13.2 0.074786982 0.124786982 0.01 0.9 0.11 0.51
A1 B2 C1 0.1 0.15 0.01 19.8 0.046741864 0.096741864 0.01 0.9 0.11 0.51
A1 B2 C1 0.1 0.15 0.01 26.5 0.018696745 0.068696745 0.01 0.9 0.11 0.51
A1 B1 C1 0.1 0.15 0.02 0.0 0.1 0.15 0.02 0.72 0.32 1.0
A1 B1 C1 0.1 0.15 0.02 6.5 0.090891781 0.140891781 0.02 0.72 0.32 1.0
A1 B1 C1 0.1 0.15 0.02 13.0 0.072713424 0.122713424 0.02 0.72 0.32 1.0
A1 B1 C1 0.1 0.15 0.02 20.0 0.04544589 0.09544589 0.02 0.72 0.32 1.0
A1 B1 C1 0.1 0.15 0.02 26.5 0.018178356 0.068178356 0.02 0.72 0.32 1.0
A1 B1 C1 0.1 0.1 0.02 0.0 0.1 0.1 0.02 0.72 0.32 1.0
A1 B1 C1 0.1 0.1 0.02 6.8 0.092636628 0.092636628 0.02 0.72 0.32 1.0
A1 B1 C1 0.1 0.1 0.02 13.5 0.074109302 0.074109302 0.02 0.72 0.32 1.0
A1 B1 C1 0.1 0.1 0.02 20.0 0.046318314 0.046318314 0.02 0.72 0.32 1.0
A1 B1 C1 0.1 0.1 0.02 26.8 0.018527326 0.018527326 0.02 0.72 0.32 1.0
A1 B1 C1 0.1 0.15 0.01 0.0 0.1 0.15 0.01 0.72 0.32 1.0
A1 B1 C1 0.1 0.15 0.01 6.8 0.095456363 0.145456363 0.01 0.72 0.32 1.0
A1 B1 C1 0.1 0.15 0.01 13.2 0.07636509 0.12636509 0.01 0.72 0.32 1.0
A1 B1 C1 0.1 0.15 0.01 20.0 0.047728181 0.097728181 0.01 0.72 0.32 1.0
A1 B1 C1 0.1 0.15 0.01 26.5 0.019091273 0.069091273 0.01 0.72 0.32 1.0
A1 B2 C1 0.1 0.15 0.02 0.0 0.1 0.15 0.02 0.9 0.11 0.51
A1 B2 C1 0.1 0.15 0.02 7.0 0.093223522 0.143223522 0.02 0.9 0.11 0.51
A1 B2 C1 0.1 0.15 0.02 13.8 0.074578817 0.124578817 0.02 0.9 0.11 0.51
A1 B2 C1 0.1 0.15 0.02 20.5 0.046611761 0.096611761 0.02 0.9 0.11 0.51
A1 B2 C1 0.1 0.15 0.02 27.2 0.018644704 0.068644704 0.02 0.9 0.11 0.51
A1 B2 C1 0.1 0.1 0.02 0.0 0.1 0.1 0.02 0.9 0.11 0.51
A1 B2 C1 0.1 0.1 0.02 6.8 0.093343795 0.093343795 0.02 0.9 0.11 0.51
A1 B2 C1 0.1 0.1 0.02 13.8 0.074675036 0.074675036 0.02 0.9 0.11 0.51
A1 B2 C1 0.1 0.1 0.02 20.5 0.046671897 0.046671897 0.02 0.9 0.11 0.51
A1 B2 C1 0.1 0.1 0.02 27.2 0.018668759 0.018668759 0.02 0.9 0.11 0.51
A1 B2 C1 0.1 0.15 0.01 0.0 0.1 0.15 0.01 0.9 0.11 0.51
A1 B2 C1 0.1 0.15 0.01 6.8 0.093483727 0.143483727 0.01 0.9 0.11 0.51
A1 B2 C1 0.1 0.15 0.01 13.5 0.074786982 0.124786982 0.01 0.9 0.11 0.51
A1 B2 C1 0.1 0.15 0.01 20.0 0.046741864 0.096741864 0.01 0.9 0.11 0.51
A1 B2 C1 0.1 0.15 0.01 26.5 0.018696745 0.068696745 0.01 0.9 0.11 0.51
A4 B1 C1 0.1 0.15 0.02 0.0 0.1 0.15 0.02 0.94 0.07 0.5
A4 B1 C1 0.1 0.15 0.02 6.3 0.092486137 0.142486137 0.02 0.94 0.07 0.5
A4 B1 C1 0.1 0.15 0.02 12.8 0.07398891 0.12398891 0.02 0.94 0.07 0.5
A4 B1 C1 0.1 0.15 0.02 19.2 0.046243069 0.096243069 0.02 0.94 0.07 0.5
A4 B1 C1 0.1 0.15 0.02 25.5 0.018497227 0.068497227 0.02 0.94 0.07 0.5
A4 B1 C1 0.1 0.1 0.02 0.0 0.1 0.1 0.02 0.94 0.07 0.5
A4 B1 C1 0.1 0.1 0.02 6.2 0.092122324 0.092122324 0.02 0.94 0.07 0.5
A4 B1 C1 0.1 0.1 0.02 13.0 0.073697859 0.073697859 0.02 0.94 0.07 0.5
A4 B1 C1 0.1 0.1 0.02 19.5 0.046061162 0.046061162 0.02 0.94 0.07 0.5
A4 B1 C1 0.1 0.1 0.02 25.8 0.018424465 0.018424465 0.02 0.94 0.07 0.5
A4 B1 C1 0.1 0.15 0.01 0.0 0.1 0.15 0.01 0.94 0.07 0.5
A4 B1 C1 0.1 0.15 0.01 6.5 0.092564018 0.142564018 0.01 0.94 0.07 0.5
A4 B1 C1 0.1 0.15 0.01 13.0 0.074051215 0.124051215 0.01 0.94 0.07 0.5
A4 B1 C1 0.1 0.15 0.01 19.2 0.046282009 0.096282009 0.01 0.94 0.07 0.5
A4 B1 C1 0.1 0.15 0.01 25.5 0.018512804 0.068512804 0.01 0.94 0.07 0.5
A4 B2 C1 0.1 0.15 0.02 0.0 0.1 0.15 0.02 0.98 0.03 0.51
A4 B2 C1 0.1 0.15 0.02 7.0 0.092122482 0.142122482 0.02 0.98 0.03 0.51
A4 B2 C1 0.1 0.15 0.02 13.2 0.073697986 0.123697986 0.02 0.98 0.03 0.51
A4 B2 C1 0.1 0.15 0.02 20.2 0.046061241 0.096061241 0.02 0.98 0.03 0.51
A4 B2 C1 0.1 0.15 0.02 27.0 0.018424496 0.068424496 0.02 0.98 0.03 0.51
A4 B2 C1 0.1 0.1 0.02 0.0 0.1 0.1 0.02 0.98 0.03 0.51
A4 B2 C1 0.1 0.1 0.02 6.5 0.090150928 0.090150928 0.02 0.98 0.03 0.51
A4 B2 C1 0.1 0.1 0.02 12.8 0.072120743 0.072120743 0.02 0.98 0.03 0.51
A4 B2 C1 0.1 0.1 0.02 19.2 0.045075464 0.045075464 0.02 0.98 0.03 0.51
A4 B2 C1 0.1 0.1 0.02 26.0 0.018030186 0.018030186 0.02 0.98 0.03 0.51
A4 B2 C1 0.1 0.15 0.01 0.0 0.1 0.15 0.01 0.98 0.03 0.51
A4 B2 C1 0.1 0.15 0.01 6.5 0.092794246 0.142794246 0.01 0.98 0.03 0.51
A4 B2 C1 0.1 0.15 0.01 13.0 0.074235396 0.124235396 0.01 0.98 0.03 0.51
A4 B2 C1 0.1 0.15 0.01 19.8 0.046397123 0.096397123 0.01 0.98 0.03 0.51
A4 B2 C1 0.1 0.15 0.01 26.3 0.018558849 0.068558849 0.01 0.98 0.03 0.51
A4 B1 C1 0.1 0.15 0.02 0.0 0.1 0.15 0.02 0.94 0.07 0.5
A4 B1 C1 0.1 0.15 0.02 6.5 0.092486137 0.142486137 0.02 0.94 0.07 0.5
A4 B1 C1 0.1 0.15 0.02 13.2 0.07398891 0.12398891 0.02 0.94 0.07 0.5
A4 B1 C1 0.1 0.15 0.02 19.5 0.046243069 0.096243069 0.02 0.94 0.07 0.5
A4 B1 C1 0.1 0.15 0.02 25.7 0.018497227 0.068497227 0.02 0.94 0.07 0.5
A4 B1 C1 0.1 0.1 0.02 0.0 0.1 0.1 0.02 0.94 0.07 0.5
A4 B1 C1 0.1 0.1 0.02 6.8 0.092122324 0.092122324 0.02 0.94 0.07 0.5
A4 B1 C1 0.1 0.1 0.02 13.2 0.073697859 0.073697859 0.02 0.94 0.07 0.5
A4 B1 C1 0.1 0.1 0.02 20.0 0.046061162 0.046061162 0.02 0.94 0.07 0.5
A4 B1 C1 0.1 0.1 0.02 26.8 0.018424465 0.018424465 0.02 0.94 0.07 0.5
A4 B1 C1 0.1 0.15 0.01 0.0 0.1 0.15 0.01 0.94 0.07 0.5
A4 B1 C1 0.1 0.15 0.01 6.2 0.092564018 0.142564018 0.01 0.94 0.07 0.5
A4 B1 C1 0.1 0.15 0.01 12.8 0.074051215 0.124051215 0.01 0.94 0.07 0.5
A4 B1 C1 0.1 0.15 0.01 19.2 0.046282009 0.096282009 0.01 0.94 0.07 0.5
A4 B1 C1 0.1 0.15 0.01 25.8 0.018512804 0.068512804 0.01 0.94 0.07 0.5
A4 B2 C1 0.1 0.15 0.02 0.0 0.1 0.15 0.02 0.98 0.03 0.51
A4 B2 C1 0.1 0.15 0.02 6.8 0.092122482 0.142122482 0.02 0.98 0.03 0.51
A4 B2 C1 0.1 0.15 0.02 13.0 0.073697986 0.123697986 0.02 0.98 0.03 0.51
A4 B2 C1 0.1 0.15 0.02 19.5 0.046061241 0.096061241 0.02 0.98 0.03 0.51
A4 B2 C1 0.1 0.15 0.02 26.2 0.018424496 0.068424496 0.02 0.98 0.03 0.51
A4 B2 C1 0.1 0.1 0.02 0.0 0.1 0.1 0.02 0.98 0.03 0.51
A4 B2 C1 0.1 0.1 0.02 7.0 0.090150928 0.090150928 0.02 0.98 0.03 0.51
A4 B2 C1 0.1 0.1 0.02 13.5 0.072120743 0.072120743 0.02 0.98 0.03 0.51
A4 B2 C1 0.1 0.1 0.02 20.5 0.045075464 0.045075464 0.02 0.98 0.03 0.51
A4 B2 C1 0.1 0.1 0.02 27.2 0.018030186 0.018030186 0.02 0.98 0.03 0.51
A4 B2 C1 0.1 0.15 0.01 0.0 0.1 0.15 0.01 0.98 0.03 0.51
A4 B2 C1 0.1 0.15 0.01 6.5 0.092794246 0.142794246 0.01 0.98 0.03 0.51
A4 B2 C1 0.1 0.15 0.01 13.2 0.074235396 0.124235396 0.01 0.98 0.03 0.51
A4 B2 C1 0.1 0.15 0.01 19.8 0.046397123 0.096397123 0.01 0.98 0.03 0.51
A4 B2 C1 0.1 0.15 0.01 26.5 0.018558849 0.068558849 0.01 0.98 0.03 0.51
A4 B1 C1 0.1 0.15 0.02 0.0 0.1 0.15 0.02 0.94 0.07 0.5
A4 B1 C1 0.1 0.15 0.02 6.8 0.092486137 0.142486137 0.02 0.94 0.07 0.5
A4 B1 C1 0.1 0.15 0.02 13.5 0.07398891 0.12398891 0.02 0.94 0.07 0.5
A4 B1 C1 0.1 0.15 0.02 20.3 0.046243069 0.096243069 0.02 0.94 0.07 0.5
A4 B1 C1 0.1 0.15 0.02 26.8 0.018497227 0.068497227 0.02 0.94 0.07 0.5
A4 B1 C1 0.1 0.1 0.02 0.0 0.1 0.1 0.02 0.94 0.07 0.5
A4 B1 C1 0.1 0.1 0.02 6.5 0.092122324 0.092122324 0.02 0.94 0.07 0.5
A4 B1 C1 0.1 0.1 0.02 13.2 0.073697859 0.073697859 0.02 0.94 0.07 0.5
A4 B1 C1 0.1 0.1 0.02 20.0 0.046061162 0.046061162 0.02 0.94 0.07 0.5
A4 B1 C1 0.1 0.1 0.02 26.8 0.018424465 0.018424465 0.02 0.94 0.07 0.5
A4 B1 C1 0.1 0.15 0.01 0.0 0.1 0.15 0.01 0.94 0.07 0.5
A4 B1 C1 0.1 0.15 0.01 6.2 0.092564018 0.142564018 0.01 0.94 0.07 0.5
A4 B1 C1 0.1 0.15 0.01 12.8 0.074051215 0.124051215 0.01 0.94 0.07 0.5
A4 B1 C1 0.1 0.15 0.01 19.3 0.046282009 0.096282009 0.01 0.94 0.07 0.5
A4 B1 C1 0.1 0.15 0.01 26.0 0.018512804 0.068512804 0.01 0.94 0.07 0.5
A4 B2 C1 0.1 0.15 0.02 0.0 0.1 0.15 0.02 0.98 0.03 0.51
A4 B2 C1 0.1 0.15 0.02 6.8 0.092122482 0.142122482 0.02 0.98 0.03 0.51
A4 B2 C1 0.1 0.15 0.02 13.0 0.073697986 0.123697986 0.02 0.98 0.03 0.51
A4 B2 C1 0.1 0.15 0.02 19.5 0.046061241 0.096061241 0.02 0.98 0.03 0.51
A4 B2 C1 0.1 0.15 0.02 26.2 0.018424496 0.068424496 0.02 0.98 0.03 0.51
A4 B2 C1 0.1 0.1 0.02 0.0 0.1 0.1 0.02 0.98 0.03 0.51
A4 B2 C1 0.1 0.1 0.02 7.2 0.090150928 0.090150928 0.02 0.98 0.03 0.51
A4 B2 C1 0.1 0.1 0.02 13.8 0.072120743 0.072120743 0.02 0.98 0.03 0.51
A4 B2 C1 0.1 0.1 0.02 20.8 0.045075464 0.045075464 0.02 0.98 0.03 0.51
A4 B2 C1 0.1 0.1 0.02 27.2 0.018030186 0.018030186 0.02 0.98 0.03 0.51
A4 B2 C1 0.1 0.15 0.01 0.0 0.1 0.15 0.01 0.98 0.03 0.51
A4 B2 C1 0.1 0.15 0.01 6.2 0.092794246 0.142794246 0.01 0.98 0.03 0.51
A4 B2 C1 0.1 0.15 0.01 12.8 0.074235396 0.124235396 0.01 0.98 0.03 0.51
A4 B2 C1 0.1 0.15 0.01 19.8 0.046397123 0.096397123 0.01 0.98 0.03 0.51
A4 B2 C1 0.1 0.15 0.01 26.2 0.018558849 0.068558849 0.01 0.98 0.03 0.51
A2 B1 C1 0.1 0.15 0.02 0.0 0.1 0.15 0.02 0.8 0.23 0.57
A2 B1 C1 0.1 0.15 0.02 6.5 0.086147342 0.136147342 0.02 0.8 0.23 0.57
A2 B1 C1 0.1 0.15 0.02 13.0 0.068917874 0.118917874 0.02 0.8 0.23 0.57
A2 B1 C1 0.1 0.15 0.02 19.5 0.043073671 0.093073671 0.02 0.8 0.23 0.57
A2 B1 C1 0.1 0.15 0.02 26.2 0.017229468 0.067229468 0.02 0.8 0.23 0.57
A2 B1 C1 0.1 0.1 0.02 0.0 0.1 0.1 0.02 0.8 0.23 0.57
A2 B1 C1 0.1 0.1 0.02 7.0 0.088056244 0.088056244 0.02 0.8 0.23 0.57
A2 B1 C1 0.1 0.1 0.02 13.8 0.070444995 0.070444995 0.02 0.8 0.23 0.57
A2 B1 C1 0.1 0.1 0.02 20.5 0.044028122 0.044028122 0.02 0.8 0.23 0.57
A2 B1 C1 0.1 0.1 0.02 27.5 0.017611249 0.017611249 0.02 0.8 0.23 0.57
A2 B1 C1 0.1 0.15 0.01 0.0 0.1 0.15 0.01 0.8 0.23 0.57
A2 B1 C1 0.1 0.15 0.01 6.5 0.090696942 0.140696942 0.01 0.8 0.23 0.57
A2 B1 C1 0.1 0.15 0.01 13.2 0.072557554 0.122557554 0.01 0.8 0.23 0.57
A2 B1 C1 0.1 0.15 0.01 19.8 0.045348471 0.095348471 0.01 0.8 0.23 0.57
A2 B1 C1 0.1 0.15 0.01 26.2 0.018139388 0.068139388 0.01 0.8 0.23 0.57
A2 B2 C1 0.1 0.15 0.02 0.0 0.1 0.15 0.02 0.91 0.11 0.5
A2 B2 C1 0.1 0.15 0.02 6.8 0.087733098 0.137733098 0.02 0.91 0.11 0.5
A2 B2 C1 0.1 0.15 0.02 13.8 0.070186479 0.120186479 0.02 0.91 0.11 0.5
A2 B2 C1 0.1 0.15 0.02 20.5 0.043866549 0.093866549 0.02 0.91 0.11 0.5
A2 B2 C1 0.1 0.15 0.02 27.5 0.01754662 0.06754662 0.02 0.91 0.11 0.5
A2 B2 C1 0.1 0.1 0.02 0.0 0.1 0.1 0.02 0.91 0.11 0.5
A2 B2 C1 0.1 0.1 0.02 6.8 0.088372521 0.088372521 0.02 0.91 0.11 0.5
A2 B2 C1 0.1 0.1 0.02 13.5 0.070698017 0.070698017 0.02 0.91 0.11 0.5
A2 B2 C1 0.1 0.1 0.02 20.2 0.04418626 0.04418626 0.02 0.91 0.11 0.5
A2 B2 C1 0.1 0.1 0.02 26.8 0.017674504 0.017674504 0.02 0.91 0.11 0.5
A2 B2 C1 0.1 0.15 0.01 0.0 0.1 0.15 0.01 0.91 0.11 0.5
A2 B2 C1 0.1 0.15 0.01 6.8 0.090118076 0.140118076 0.01 0.91 0.11 0.5
A2 B2 C1 0.1 0.15 0.01 13.5 0.072094461 0.122094461 0.01 0.91 0.11 0.5
A2 B2 C1 0.1 0.15 0.01 20.5 0.045059038 0.095059038 0.01 0.91 0.11 0.5
A2 B2 C1 0.1 0.15 0.01 27.2 0.018023615 0.068023615 0.01 0.91 0.11 0.5
A2 B1 C1 0.1 0.15 0.02 0.0 0.1 0.15 0.02 0.8 0.23 0.57
A2 B1 C1 0.1 0.15 0.02 6.5 0.086147342 0.136147342 0.02 0.8 0.23 0.57
A2 B1 C1 0.1 0.15 0.02 13.2 0.068917874 0.118917874 0.02 0.8 0.23 0.57
A2 B1 C1 0.1 0.15 0.02 20.0 0.043073671 0.093073671 0.02 0.8 0.23 0.57
A2 B1 C1 0.1 0.15 0.02 26.5 0.017229468 0.067229468 0.02 0.8 0.23 0.57
A2 B1 C1 0.1 0.1 0.02 0.0 0.1 0.1 0.02 0.8 0.23 0.57
A2 B1 C1 0.1 0.1 0.02 6.8 0.088056244 0.088056244 0.02 0.8 0.23 0.57
A2 B1 C1 0.1 0.1 0.02 13.2 0.070444995 0.070444995 0.02 0.8 0.23 0.57
A2 B1 C1 0.1 0.1 0.02 19.8 0.044028122 0.044028122 0.02 0.8 0.23 0.57
A2 B1 C1 0.1 0.1 0.02 26.5 0.017611249 0.017611249 0.02 0.8 0.23 0.57
A2 B1 C1 0.1 0.15 0.01 0.0 0.1 0.15 0.01 0.8 0.23 0.57
A2 B1 C1 0.1 0.15 0.01 6.5 0.090696942 0.140696942 0.01 0.8 0.23 0.57
A2 B1 C1 0.1 0.15 0.01 13.0 0.072557554 0.122557554 0.01 0.8 0.23 0.57
A2 B1 C1 0.1 0.15 0.01 19.8 0.045348471 0.095348471 0.01 0.8 0.23 0.57
A2 B1 C1 0.1 0.15 0.01 26.0 0.018139388 0.068139388 0.01 0.8 0.23 0.57
A2 B2 C1 0.1 0.15 0.02 0.0 0.1 0.15 0.02 0.91 0.11 0.5
A2 B2 C1 0.1 0.15 0.02 7.0 0.087733098 0.137733098 0.02 0.91 0.11 0.5
A2 B2 C1 0.1 0.15 0.02 14.0 0.070186479 0.120186479 0.02 0.91 0.11 0.5
A2 B2 C1 0.1 0.15 0.02 21.0 0.043866549 0.093866549 0.02 0.91 0.11 0.5
A2 B2 C1 0.1 0.15 0.02 27.8 0.01754662 0.06754662 0.02 0.91 0.11 0.5
A2 B2 C1 0.1 0.1 0.02 0.0 0.1 0.1 0.02 0.91 0.11 0.5
A2 B2 C1 0.1 0.1 0.02 6.5 0.088372521 0.088372521 0.02 0.91 0.11 0.5
A2 B2 C1 0.1 0.1 0.02 13.5 0.070698017 0.070698017 0.02 0.91 0.11 0.5
A2 B2 C1 0.1 0.1 0.02 20.2 0.04418626 0.04418626 0.02 0.91 0.11 0.5
A2 B2 C1 0.1 0.1 0.02 27.0 0.017674504 0.017674504 0.02 0.91 0.11 0.5
A2 B2 C1 0.1 0.15 0.01 0.0 0.1 0.15 0.01 0.91 0.11 0.5
A2 B2 C1 0.1 0.15 0.01 6.8 0.090118076 0.140118076 0.01 0.91 0.11 0.5
A2 B2 C1 0.1 0.15 0.01 13.2 0.072094461 0.122094461 0.01 0.91 0.11 0.5
A2 B2 C1 0.1 0.15 0.01 20.0 0.045059038 0.095059038 0.01 0.91 0.11 0.5
A2 B2 C1 0.1 0.15 0.01 27.0 0.018023615 0.068023615 0.01 0.91 0.11 0.5
A2 B1 C1 0.1 0.15 0.02 0.0 0.1 0.15 0.02 0.8 0.23 0.57
A2 B1 C1 0.1 0.15 0.02 6.5 0.086147342 0.136147342 0.02 0.8 0.23 0.57
A2 B1 C1 0.1 0.15 0.02 13.2 0.068917874 0.118917874 0.02 0.8 0.23 0.57
A2 B1 C1 0.1 0.15 0.02 20.0 0.043073671 0.093073671 0.02 0.8 0.23 0.57
A2 B1 C1 0.1 0.15 0.02 26.8 0.017229468 0.067229468 0.02 0.8 0.23 0.57
A2 B1 C1 0.1 0.1 0.02 0.0 0.1 0.1 0.02 0.8 0.23 0.57
A2 B1 C1 0.1 0.1 0.02 6.8 0.088056244 0.088056244 0.02 0.8 0.23 0.57
A2 B1 C1 0.1 0.1 0.02 13.2 0.070444995 0.070444995 0.02 0.8 0.23 0.57
A2 B1 C1 0.1 0.1 0.02 20.0 0.044028122 0.044028122 0.02 0.8 0.23 0.57
A2 B1 C1 0.1 0.1 0.02 26.8 0.017611249 0.017611249 0.02 0.8 0.23 0.57
A2 B1 C1 0.1 0.15 0.01 0.0 0.1 0.15 0.01 0.8 0.23 0.57
A2 B1 C1 0.1 0.15 0.01 6.7 0.090696942 0.140696942 0.01 0.8 0.23 0.57
A2 B1 C1 0.1 0.15 0.01 13.0 0.072557554 0.122557554 0.01 0.8 0.23 0.57
A2 B1 C1 0.1 0.15 0.01 19.7 0.045348471 0.095348471 0.01 0.8 0.23 0.57
A2 B1 C1 0.1 0.15 0.01 26.0 0.018139388 0.068139388 0.01 0.8 0.23 0.57
A2 B2 C1 0.1 0.15 0.02 0.0 0.1 0.15 0.02 0.91 0.11 0.5
A2 B2 C1 0.1 0.15 0.02 6.5 0.087733098 0.137733098 0.02 0.91 0.11 0.5
A2 B2 C1 0.1 0.15 0.02 13.5 0.070186479 0.120186479 0.02 0.91 0.11 0.5
A2 B2 C1 0.1 0.15 0.02 20.2 0.043866549 0.093866549 0.02 0.91 0.11 0.5
A2 B2 C1 0.1 0.15 0.02 26.8 0.01754662 0.06754662 0.02 0.91 0.11 0.5
A2 B2 C1 0.1 0.1 0.02 0.0 0.1 0.1 0.02 0.91 0.11 0.5
A2 B2 C1 0.1 0.1 0.02 6.2 0.088372521 0.088372521 0.02 0.91 0.11 0.5
A2 B2 C1 0.1 0.1 0.02 13.2 0.070698017 0.070698017 0.02 0.91 0.11 0.5
A2 B2 C1 0.1 0.1 0.02 19.8 0.04418626 0.04418626 0.02 0.91 0.11 0.5
A2 B2 C1 0.1 0.1 0.02 26.8 0.017674504 0.017674504 0.02 0.91 0.11 0.5
A2 B2 C1 0.1 0.15 0.01 0.0 0.1 0.15 0.01 0.91 0.11 0.5
A2 B2 C1 0.1 0.15 0.01 6.8 0.090118076 0.140118076 0.01 0.91 0.11 0.5
A2 B2 C1 0.1 0.15 0.01 13.2 0.072094461 0.122094461 0.01 0.91 0.11 0.5
A2 B2 C1 0.1 0.15 0.01 20.0 0.045059038 0.095059038 0.01 0.91 0.11 0.5
A2 B2 C1 0.1 0.15 0.01 26.8 0.018023615 0.068023615 0.01 0.91 0.11 0.5
A3 B1 C1 0.1 0.15 0.02 0.0 0.1 0.15 0.02 0.82 0.21 0.51
A3 B1 C1 0.1 0.15 0.02 6.5 0.092452796 0.142452796 0.02 0.82 0.21 0.51
A3 B1 C1 0.1 0.15 0.02 12.7 0.073962236 0.123962236 0.02 0.82 0.21 0.51
A3 B1 C1 0.1 0.15 0.02 19.0 0.046226398 0.096226398 0.02 0.82 0.21 0.51
A3 B1 C1 0.1 0.15 0.02 25.5 0.018490559 0.068490559 0.02 0.82 0.21 0.51
A3 B1 C1 0.1 0.1 0.02 0.0 0.1 0.1 0.02 0.82 0.21 0.51
A3 B1 C1 0.1 0.1 0.02 6.5 0.093301891 0.093301891 0.02 0.82 0.21 0.51
A3 B1 C1 0.1 0.1 0.02 12.8 0.074641513 0.074641513 0.02 0.82 0.21 0.51
A3 B1 C1 0.1 0.1 0.02 19.0 0.046650946 0.046650946 0.02 0.82 0.21 0.51
A3 B1 C1 0.1 0.1 0.02 25.5 0.018660378 0.018660378 0.02 0.82 0.21 0.51
A3 B1 C1 0.1 0.15 0.01 0.0 0.1 0.15 0.01 0.82 0.21 0.51
A3 B1 C1 0.1 0.15 0.01 6.5 0.093988265 0.143988265 0.01 0.82 0.21 0.51
A3 B1 C1 0.1 0.15 0.01 12.8 0.075190612 0.125190612 0.01 0.82 0.21 0.51
A3 B1 C1 0.1 0.15 0.01 19.2 0.046994133 0.096994133 0.01 0.82 0.21 0.51
A3 B1 C1 0.1 0.15 0.01 26.2 0.018797653 0.068797653 0.01 0.82 0.21 0.51
A3 B2 C1 0.1 0.15 0.02 0.0 0.1 0.15 0.02 0.92 0.09 0.51
A3 B2 C1 0.1 0.15 0.02 6.5 0.092675059 0.142675059 0.02 0.92 0.09 0.51
A3 B2 C1 0.1 0.15 0.02 13.2 0.074140047 0.124140047 0.02 0.92 0.09 0.51
A3 B2 C1 0.1 0.15 0.02 19.8 0.046337529 0.096337529 0.02 0.92 0.09 0.51
A3 B2 C1 0.1 0.15 0.02 26.5 0.018535012 0.068535012 0.02 0.92 0.09 0.51
A3 B2 C1 0.1 0.1 0.02 0.0 0.1 0.1 0.02 0.92 0.09 0.51
A3 B2 C1 0.1 0.1 0.02 6.0 0.092564367 0.092564367 0.02 0.92 0.09 0.51
A3 B2 C1 0.1 0.1 0.02 12.5 0.074051494 0.074051494 0.02 0.92 0.09 0.51
A3 B2 C1 0.1 0.1 0.02 19.0 0.046282183 0.046282183 0.02 0.92 0.09 0.51
A3 B2 C1 0.1 0.1 0.02 25.5 0.018512873 0.018512873 0.02 0.92 0.09 0.51
A3 B2 C1 0.1 0.15 0.01 0.0 0.1 0.15 0.01 0.92 0.09 0.51
A3 B2 C1 0.1 0.15 0.01 6.5 0.094352806 0.144352806 0.01 0.92 0.09 0.51
A3 B2 C1 0.1 0.15 0.01 12.8 0.075482245 0.125482245 0.01 0.92 0.09 0.51
A3 B2 C1 0.1 0.15 0.01 19.0 0.047176403 0.097176403 0.01 0.92 0.09 0.51
A3 B2 C1 0.1 0.15 0.01 25.5 0.018870561 0.068870561 0.01 0.92 0.09 0.51
A3 B1 C1 0.1 0.15 0.02 0.0 0.1 0.15 0.02 0.82 0.21 0.51
A3 B1 C1 0.1 0.15 0.02 6.5 0.092452796 0.142452796 0.02 0.82 0.21 0.51
A3 B1 C1 0.1 0.15 0.02 12.8 0.073962236 0.123962236 0.02 0.82 0.21 0.51
A3 B1 C1 0.1 0.15 0.02 19.0 0.046226398 0.096226398 0.02 0.82 0.21 0.51
A3 B1 C1 0.1 0.15 0.02 25.5 0.018490559 0.068490559 0.02 0.82 0.21 0.51
A3 B1 C1 0.1 0.1 0.02 0.0 0.1 0.1 0.02 0.82 0.21 0.51
A3 B1 C1 0.1 0.1 0.02 6.8 0.093301891 0.093301891 0.02 0.82 0.21 0.51
A3 B1 C1 0.1 0.1 0.02 13.2 0.074641513 0.074641513 0.02 0.82 0.21 0.51
A3 B1 C1 0.1 0.1 0.02 19.8 0.046650946 0.046650946 0.02 0.82 0.21 0.51
A3 B1 C1 0.1 0.1 0.02 26.0 0.018660378 0.018660378 0.02 0.82 0.21 0.51
A3 B1 C1 0.1 0.15 0.01 0.0 0.1 0.15 0.01 0.82 0.21 0.51
A3 B1 C1 0.1 0.15 0.01 6.2 0.093988265 0.143988265 0.01 0.82 0.21 0.51
A3 B1 C1 0.1 0.15 0.01 12.5 0.075190612 0.125190612 0.01 0.82 0.21 0.51
A3 B1 C1 0.1 0.15 0.01 18.8 0.046994133 0.096994133 0.01 0.82 0.21 0.51
A3 B1 C1 0.1 0.15 0.01 25.2 0.018797653 0.068797653 0.01 0.82 0.21 0.51
A3 B2 C1 0.1 0.15 0.02 0.0 0.1 0.15 0.02 0.92 0.09 0.51
A3 B2 C1 0.1 0.15 0.02 6.2 0.092675059 0.142675059 0.02 0.92 0.09 0.51
A3 B2 C1 0.1 0.15 0.02 12.5 0.074140047 0.124140047 0.02 0.92 0.09 0.51
A3 B2 C1 0.1 0.15 0.02 19.0 0.046337529 0.096337529 0.02 0.92 0.09 0.51
A3 B2 C1 0.1 0.15 0.02 25.5 0.018535012 0.068535012 0.02 0.92 0.09 0.51
A3 B2 C1 0.1 0.1 0.02 0.0 0.1 0.1 0.02 0.92 0.09 0.51
A3 B2 C1 0.1 0.1 0.02 6.5 0.092564367 0.092564367 0.02 0.92 0.09 0.51
A3 B2 C1 0.1 0.1 0.02 13.2 0.074051494 0.074051494 0.02 0.92 0.09 0.51
A3 B2 C1 0.1 0.1 0.02 19.5 0.046282183 0.046282183 0.02 0.92 0.09 0.51
A3 B2 C1 0.1 0.1 0.02 26.0 0.018512873 0.018512873 0.02 0.92 0.09 0.51
A3 B2 C1 0.1 0.15 0.01 0.0 0.1 0.15 0.01 0.92 0.09 0.51
A3 B2 C1 0.1 0.15 0.01 6.5 0.094352806 0.144352806 0.01 0.92 0.09 0.51
A3 B2 C1 0.1 0.15 0.01 13.0 0.075482245 0.125482245 0.01 0.92 0.09 0.51
A3 B2 C1 0.1 0.15 0.01 19.5 0.047176403 0.097176403 0.01 0.92 0.09 0.51
A3 B2 C1 0.1 0.15 0.01 26.0 0.018870561 0.068870561 0.01 0.92 0.09 0.51
A3 B1 C1 0.1 0.15 0.02 0.0 0.1 0.15 0.02 0.82 0.21 0.51
A3 B1 C1 0.1 0.15 0.02 6.5 0.092452796 0.142452796 0.02 0.82 0.21 0.51
A3 B1 C1 0.1 0.15 0.02 13.0 0.073962236 0.123962236 0.02 0.82 0.21 0.51
A3 B1 C1 0.1 0.15 0.02 19.8 0.046226398 0.096226398 0.02 0.82 0.21 0.51
A3 B1 C1 0.1 0.15 0.02 26.0 0.018490559 0.068490559 0.02 0.82 0.21 0.51
A3 B1 C1 0.1 0.1 0.02 0.0 0.1 0.1 0.02 0.82 0.21 0.51
A3 B1 C1 0.1 0.1 0.02 6.5 0.093301891 0.093301891 0.02 0.82 0.21 0.51
A3 B1 C1 0.1 0.1 0.02 12.8 0.074641513 0.074641513 0.02 0.82 0.21 0.51
A3 B1 C1 0.1 0.1 0.02 19.2 0.046650946 0.046650946 0.02 0.82 0.21 0.51
A3 B1 C1 0.1 0.1 0.02 26.0 0.018660378 0.018660378 0.02 0.82 0.21 0.51
A3 B1 C1 0.1 0.15 0.01 0.0 0.1 0.15 0.01 0.82 0.21 0.51
A3 B1 C1 0.1 0.15 0.01 6.5 0.093988265 0.143988265 0.01 0.82 0.21 0.51
A3 B1 C1 0.1 0.15 0.01 12.7 0.075190612 0.125190612 0.01 0.82 0.21 0.51
A3 B1 C1 0.1 0.15 0.01 19.5 0.046994133 0.096994133 0.01 0.82 0.21 0.51
A3 B1 C1 0.1 0.15 0.01 26.0 0.018797653 0.068797653 0.01 0.82 0.21 0.51
A3 B2 C1 0.1 0.15 0.02 0.0 0.1 0.15 0.02 0.92 0.09 0.51
A3 B2 C1 0.1 0.15 0.02 6.8 0.092675059 0.142675059 0.02 0.92 0.09 0.51
A3 B2 C1 0.1 0.15 0.02 13.2 0.074140047 0.124140047 0.02 0.92 0.09 0.51
A3 B2 C1 0.1 0.15 0.02 19.8 0.046337529 0.096337529 0.02 0.92 0.09 0.51
A3 B2 C1 0.1 0.15 0.02 26.5 0.018535012 0.068535012 0.02 0.92 0.09 0.51
A3 B2 C1 0.1 0.1 0.02 0.0 0.1 0.1 0.02 0.92 0.09 0.51
A3 B2 C1 0.1 0.1 0.02 6.3 0.092564367 0.092564367 0.02 0.92 0.09 0.51
A3 B2 C1 0.1 0.1 0.02 13.3 0.074051494 0.074051494 0.02 0.92 0.09 0.51
A3 B2 C1 0.1 0.1 0.02 19.8 0.046282183 0.046282183 0.02 0.92 0.09 0.51
A3 B2 C1 0.1 0.1 0.02 26.3 0.018512873 0.018512873 0.02 0.92 0.09 0.51
A3 B2 C1 0.1 0.15 0.01 0.0 0.1 0.15 0.01 0.92 0.09 0.51
A3 B2 C1 0.1 0.15 0.01 6.5 0.094352806 0.144352806 0.01 0.92 0.09 0.51
A3 B2 C1 0.1 0.15 0.01 13.0 0.075482245 0.125482245 0.01 0.92 0.09 0.51
A3 B2 C1 0.1 0.15 0.01 19.5 0.047176403 0.097176403 0.01 0.92 0.09 0.51
A3 B2 C1 0.1 0.15 0.01 26.0 0.018870561 0.068870561 0.01 0.92 0.09 0.51
A1 B1 C2 0.1 0.15 0.02 0.0 0.1 0.15 0.02 0.84 0.19 0.51
A1 B1 C2 0.1 0.15 0.02 4.8 0.089738307 0.139738307 0.02 0.84 0.19 0.51
A1 B1 C2 0.1 0.15 0.02 10.3 0.071790646 0.121790646 0.02 0.84 0.19 0.51
A1 B1 C2 0.1 0.15 0.02 15.7 0.044869154 0.094869154 0.02 0.84 0.19 0.51
A1 B1 C2 0.1 0.15 0.02 21.5 0.017947661 0.067947661 0.02 0.84 0.19 0.51
A1 B1 C2 0.1 0.1 0.02 0.0 0.1 0.1 0.02 0.84 0.19 0.51
A1 B1 C2 0.1 0.1 0.02 4.8 0.090881896 0.090881896 0.02 0.84 0.19 0.51
A1 B1 C2 0.1 0.1 0.02 10.0 0.072705517 0.072705517 0.02 0.84 0.19 0.51
A1 B1 C2 0.1 0.1 0.02 15.2 0.045440948 0.045440948 0.02 0.84 0.19 0.51
A1 B1 C2 0.1 0.1 0.02 20.8 0.018176379 0.018176379 0.02 0.84 0.19 0.51
A1 B1 C2 0.1 0.15 0.01 0.0 0.1 0.15 0.01 0.84 0.19 0.51
A1 B1 C2 0.1 0.15 0.01 4.8 0.092430827 0.142430827 0.01 0.84 0.19 0.51
A1 B1 C2 0.1 0.15 0.01 10.2 0.073944661 0.123944661 0.01 0.84 0.19 0.51
A1 B1 C2 0.1 0.15 0.01 15.2 0.046215413 0.096215413 0.01 0.84 0.19 0.51
A1 B1 C2 0.1 0.15 0.01 20.8 0.018486165 0.068486165 0.01 0.84 0.19 0.51
A1 B2 C2 0.1 0.15 0.02 0.0 0.1 0.15 0.02 0.85 0.17 0.51
A1 B2 C2 0.1 0.15 0.02 5.0 0.093108551 0.143108551 0.02 0.85 0.17 0.51
A1 B2 C2 0.1 0.15 0.02 10.2 0.07448684 0.12448684 0.02 0.85 0.17 0.51
A1 B2 C2 0.1 0.15 0.02 15.8 0.046554275 0.096554275 0.02 0.85 0.17 0.51
A1 B2 C2 0.1 0.15 0.02 21.2 0.01862171 0.06862171 0.02 0.85 0.17 0.51
A1 B2 C2 0.1 0.1 0.02 0.0 0.1 0.1 0.02 0.85 0.17 0.51
A1 B2 C2 0.1 0.1 0.02 4.5 0.093763573 0.093763573 0.02 0.85 0.17 0.51
A1 B2 C2 0.1 0.1 0.02 10.0 0.075010859 0.075010859 0.02 0.85 0.17 0.51
A1 B2 C2 0.1 0.1 0.02 15.2 0.046881787 0.046881787 0.02 0.85 0.17 0.51
A1 B2 C2 0.1 0.1 0.02 20.5 0.018752715 0.018752715 0.02 0.85 0.17 0.51
A1 B2 C2 0.1 0.15 0.01 0.0 0.1 0.15 0.01 0.85 0.17 0.51
A1 B2 C2 0.1 0.15 0.01 4.8 0.094140686 0.144140686 0.01 0.85 0.17 0.51
A1 B2 C2 0.1 0.15 0.01 10.0 0.075312549 0.125312549 0.01 0.85 0.17 0.51
A1 B2 C2 0.1 0.15 0.01 15.2 0.047070343 0.097070343 0.01 0.85 0.17 0.51
A1 B2 C2 0.1 0.15 0.01 20.8 0.018828137 0.068828137 0.01 0.85 0.17 0.51
A1 B1 C2 0.1 0.15 0.02 0.0 0.1 0.15 0.02 0.84 0.19 0.51
A1 B1 C2 0.1 0.15 0.02 4.5 0.089738307 0.139738307 0.02 0.84 0.19 0.51
A1 B1 C2 0.1 0.15 0.02 10.0 0.071790646 0.121790646 0.02 0.84 0.19 0.51
A1 B1 C2 0.1 0.15 0.02 15.3 0.044869154 0.094869154 0.02 0.84 0.19 0.51
A1 B1 C2 0.1 0.15 0.02 20.5 0.017947661 0.067947661 0.02 0.84 0.19 0.51
A1 B1 C2 0.1 0.1 0.02 0.0 0.1 0.1 0.02 0.84 0.19 0.51
A1 B1 C2 0.1 0.1 0.02 4.8 0.090881896 0.090881896 0.02 0.84 0.19 0.51
A1 B1 C2 0.1 0.1 0.02 9.8 0.072705517 0.072705517 0.02 0.84 0.19 0.51
A1 B1 C2 0.1 0.1 0.02 15.2 0.045440948 0.045440948 0.02 0.84 0.19 0.51
A1 B1 C2 0.1 0.1 0.02 20.3 0.018176379 0.018176379 0.02 0.84 0.19 0.51
A1 B1 C2 0.1 0.15 0.01 0.0 0.1 0.15 0.01 0.84 0.19 0.51
A1 B1 C2 0.1 0.15 0.01 4.8 0.092430827 0.142430827 0.01 0.84 0.19 0.51
A1 B1 C2 0.1 0.15 0.01 10.0 0.073944661 0.123944661 0.01 0.84 0.19 0.51
A1 B1 C2 0.1 0.15 0.01 15.5 0.046215413 0.096215413 0.01 0.84 0.19 0.51
A1 B1 C2 0.1 0.15 0.01 21.0 0.018486165 0.068486165 0.01 0.84 0.19 0.51
A1 B2 C2 0.1 0.15 0.02 0.0 0.1 0.15 0.02 0.85 0.17 0.51
A1 B2 C2 0.1 0.15 0.02 4.5 0.093108551 0.143108551 0.02 0.85 0.17 0.51
A1 B2 C2 0.1 0.15 0.02 10.0 0.07448684 0.12448684 0.02 0.85 0.17 0.51
A1 B2 C2 0.1 0.15 0.02 15.7 0.046554275 0.096554275 0.02 0.85 0.17 0.51
A1 B2 C2 0.1 0.15 0.02 21.0 0.01862171 0.06862171 0.02 0.85 0.17 0.51
A1 B2 C2 0.1 0.1 0.02 0.0 0.1 0.1 0.02 0.85 0.17 0.51
A1 B2 C2 0.1 0.1 0.02 4.8 0.093763573 0.093763573 0.02 0.85 0.17 0.51
A1 B2 C2 0.1 0.1 0.02 10.2 0.075010859 0.075010859 0.02 0.85 0.17 0.51
A1 B2 C2 0.1 0.1 0.02 15.8 0.046881787 0.046881787 0.02 0.85 0.17 0.51
A1 B2 C2 0.1 0.1 0.02 21.0 0.018752715 0.018752715 0.02 0.85 0.17 0.51
A1 B2 C2 0.1 0.15 0.01 0.0 0.1 0.15 0.01 0.85 0.17 0.51
A1 B2 C2 0.1 0.15 0.01 4.8 0.094140686 0.144140686 0.01 0.85 0.17 0.51
A1 B2 C2 0.1 0.15 0.01 10.2 0.075312549 0.125312549 0.01 0.85 0.17 0.51
A1 B2 C2 0.1 0.15 0.01 15.5 0.047070343 0.097070343 0.01 0.85 0.17 0.51
A1 B2 C2 0.1 0.15 0.01 20.8 0.018828137 0.068828137 0.01 0.85 0.17 0.51
A1 B1 C2 0.1 0.15 0.02 0.0 0.1 0.15 0.02 0.84 0.19 0.51
A1 B1 C2 0.1 0.15 0.02 4.8 0.089738307 0.139738307 0.02 0.84 0.19 0.51
A1 B1 C2 0.1 0.15 0.02 10.0 0.071790646 0.121790646 0.02 0.84 0.19 0.51
A1 B1 C2 0.1 0.15 0.02 15.5 0.044869154 0.094869154 0.02 0.84 0.19 0.51
A1 B1 C2 0.1 0.15 0.02 20.7 0.017947661 0.067947661 0.02 0.84 0.19 0.51
A1 B1 C2 0.1 0.1 0.02 0.0 0.1 0.1 0.02 0.84 0.19 0.51
A1 B1 C2 0.1 0.1 0.02 4.8 0.090881896 0.090881896 0.02 0.84 0.19 0.51
A1 B1 C2 0.1 0.1 0.02 9.8 0.072705517 0.072705517 0.02 0.84 0.19 0.51
A1 B1 C2 0.1 0.1 0.02 15.0 0.045440948 0.045440948 0.02 0.84 0.19 0.51
A1 B1 C2 0.1 0.1 0.02 20.2 0.018176379 0.018176379 0.02 0.84 0.19 0.51
A1 B1 C2 0.1 0.15 0.01 0.0 0.1 0.15 0.01 0.84 0.19 0.51
A1 B1 C2 0.1 0.15 0.01 4.5 0.092430827 0.142430827 0.01 0.84 0.19 0.51
A1 B1 C2 0.1 0.15 0.01 9.5 0.073944661 0.123944661 0.01 0.84 0.19 0.51
A1 B1 C2 0.1 0.15 0.01 14.5 0.046215413 0.096215413 0.01 0.84 0.19 0.51
A1 B1 C2 0.1 0.15 0.01 20.0 0.018486165 0.068486165 0.01 0.84 0.19 0.51
A1 B2 C2 0.1 0.15 0.02 0.0 0.1 0.15 0.02 0.85 0.17 0.51
A1 B2 C2 0.1 0.15 0.02 4.5 0.093108551 0.143108551 0.02 0.85 0.17 0.51
A1 B2 C2 0.1 0.15 0.02 10.2 0.07448684 0.12448684 0.02 0.85 0.17 0.51
A1 B2 C2 0.1 0.15 0.02 15.8 0.046554275 0.096554275 0.02 0.85 0.17 0.51
A1 B2 C2 0.1 0.15 0.02 21.2 0.01862171 0.06862171 0.02 0.85 0.17 0.51
A1 B2 C2 0.1 0.1 0.02 0.0 0.1 0.1 0.02 0.85 0.17 0.51
A1 B2 C2 0.1 0.1 0.02 5.0 0.093763573 0.093763573 0.02 0.85 0.17 0.51
A1 B2 C2 0.1 0.1 0.02 10.5 0.075010859 0.075010859 0.02 0.85 0.17 0.51
A1 B2 C2 0.1 0.1 0.02 15.5 0.046881787 0.046881787 0.02 0.85 0.17 0.51
A1 B2 C2 0.1 0.1 0.02 20.8 0.018752715 0.018752715 0.02 0.85 0.17 0.51
A1 B2 C2 0.1 0.15 0.01 0.0 0.1 0.15 0.01 0.85 0.17 0.51
A1 B2 C2 0.1 0.15 0.01 4.5 0.094140686 0.144140686 0.01 0.85 0.17 0.51
A1 B2 C2 0.1 0.15 0.01 10.0 0.075312549 0.125312549 0.01 0.85 0.17 0.51
A1 B2 C2 0.1 0.15 0.01 15.0 0.047070343 0.097070343 0.01 0.85 0.17 0.51
A1 B2 C2 0.1 0.15 0.01 20.2 0.018828137 0.068828137 0.01 0.85 0.17 0.51
A1 B1 C2 0.1 0.15 0.02 0.0 0.1 0.15 0.02 0.92 0.09 0.84
A1 B1 C2 0.1 0.15 0.02 4.8 0.09408937 0.14408937 0.02 0.92 0.09 0.84
A1 B1 C2 0.1 0.15 0.02 10.3 0.075271496 0.125271496 0.02 0.92 0.09 0.84
A1 B1 C2 0.1 0.15 0.02 15.8 0.047044685 0.097044685 0.02 0.92 0.09 0.84
A1 B1 C2 0.1 0.15 0.02 21.3 0.018817874 0.068817874 0.02 0.92 0.09 0.84
A1 B1 C2 0.1 0.1 0.02 0.0 0.1 0.1 0.02 0.92 0.09 0.84
A1 B1 C2 0.1 0.1 0.02 4.8 0.094074782 0.094074782 0.02 0.92 0.09 0.84
A1 B1 C2 0.1 0.1 0.02 10.2 0.075259825 0.075259825 0.02 0.92 0.09 0.84
A1 B1 C2 0.1 0.1 0.02 15.5 0.047037391 0.047037391 0.02 0.92 0.09 0.84
A1 B1 C2 0.1 0.1 0.02 21.0 0.018814956 0.018814956 0.02 0.92 0.09 0.84
A1 B1 C2 0.1 0.15 0.01 0.0 0.1 0.15 0.01 0.92 0.09 0.84
A1 B1 C2 0.1 0.15 0.01 4.8 0.096693528 0.146693528 0.01 0.92 0.09 0.84
A1 B1 C2 0.1 0.15 0.01 10.2 0.077354822 0.127354822 0.01 0.92 0.09 0.84
A1 B1 C2 0.1 0.15 0.01 15.5 0.048346764 0.098346764 0.01 0.92 0.09 0.84
A1 B1 C2 0.1 0.15 0.01 20.8 0.019338706 0.069338706 0.01 0.92 0.09 0.84
A1 B2 C2 0.1 0.15 0.02 0.0 0.1 0.15 0.02 0.79 0.24 0.5
A1 B2 C2 0.1 0.15 0.02 5.0 0.09484477 0.14484477 0.02 0.79 0.24 0.5
A1 B2 C2 0.1 0.15 0.02 10.2 0.075875816 0.125875816 0.02 0.79 0.24 0.5
A1 B2 C2 0.1 0.15 0.02 15.7 0.047422385 0.097422385 0.02 0.79 0.24 0.5
A1 B2 C2 0.1 0.15 0.02 21.5 0.018968954 0.068968954 0.02 0.79 0.24 0.5
A1 B2 C2 0.1 0.1 0.02 0.0 0.1 0.1 0.02 0.79 0.24 0.5
A1 B2 C2 0.1 0.1 0.02 4.8 0.095486146 0.095486146 0.02 0.79 0.24 0.5
A1 B2 C2 0.1 0.1 0.02 10.0 0.076388917 0.076388917 0.02 0.79 0.24 0.5
A1 B2 C2 0.1 0.1 0.02 15.5 0.047743073 0.047743073 0.02 0.79 0.24 0.5
A1 B2 C2 0.1 0.1 0.02 20.8 0.019097229 0.019097229 0.02 0.79 0.24 0.5
A1 B2 C2 0.1 0.15 0.01 0.0 0.1 0.15 0.01 0.79 0.24 0.5
A1 B2 C2 0.1 0.15 0.01 4.8 0.094976152 0.144976152 0.01 0.79 0.24 0.5
A1 B2 C2 0.1 0.15 0.01 10.5 0.075980922 0.125980922 0.01 0.79 0.24 0.5
A1 B2 C2 0.1 0.15 0.01 15.8 0.047488076 0.097488076 0.01 0.79 0.24 0.5
A1 B2 C2 0.1 0.15 0.01 21.2 0.01899523 0.06899523 0.01 0.79 0.24 0.5
A1 B1 C2 0.1 0.15 0.02 0.0 0.1 0.15 0.02 0.92 0.09 0.84
A1 B1 C2 0.1 0.15 0.02 4.5 0.09408937 0.14408937 0.02 0.92 0.09 0.84
A1 B1 C2 0.1 0.15 0.02 10.0 0.075271496 0.125271496 0.02 0.92 0.09 0.84
A1 B1 C2 0.1 0.15 0.02 15.2 0.047044685 0.097044685 0.02 0.92 0.09 0.84
A1 B1 C2 0.1 0.15 0.02 20.2 0.018817874 0.068817874 0.02 0.92 0.09 0.84
A1 B1 C2 0.1 0.1 0.02 0.0 0.1 0.1 0.02 0.92 0.09 0.84
A1 B1 C2 0.1 0.1 0.02 5.0 0.094074782 0.094074782 0.02 0.92 0.09 0.84
A1 B1 C2 0.1 0.1 0.02 10.5 0.075259825 0.075259825 0.02 0.92 0.09 0.84
A1 B1 C2 0.1 0.1 0.02 16.0 0.047037391 0.047037391 0.02 0.92 0.09 0.84
A1 B1 C2 0.1 0.1 0.02 21.0 0.018814956 0.018814956 0.02 0.92 0.09 0.84
A1 B1 C2 0.1 0.15 0.01 0.0 0.1 0.15 0.01 0.92 0.09 0.84
A1 B1 C2 0.1 0.15 0.01 4.8 0.096693528 0.146693528 0.01 0.92 0.09 0.84
A1 B1 C2 0.1 0.15 0.01 10.0 0.077354822 0.127354822 0.01 0.92 0.09 0.84
A1 B1 C2 0.1 0.15 0.01 15.5 0.048346764 0.098346764 0.01 0.92 0.09 0.84
A1 B1 C2 0.1 0.15 0.01 20.8 0.019338706 0.069338706 0.01 0.92 0.09 0.84
A1 B2 C2 0.1 0.15 0.02 0.0 0.1 0.15 0.02 0.79 0.24 0.5
A1 B2 C2 0.1 0.15 0.02 4.8 0.09484477 0.14484477 0.02 0.79 0.24 0.5
A1 B2 C2 0.1 0.15 0.02 10.0 0.075875816 0.125875816 0.02 0.79 0.24 0.5
A1 B2 C2 0.1 0.15 0.02 15.5 0.047422385 0.097422385 0.02 0.79 0.24 0.5
A1 B2 C2 0.1 0.15 0.02 20.8 0.018968954 0.068968954 0.02 0.79 0.24 0.5
A1 B2 C2 0.1 0.1 0.02 0.0 0.1 0.1 0.02 0.79 0.24 0.5
A1 B2 C2 0.1 0.1 0.02 4.5 0.095486146 0.095486146 0.02 0.79 0.24 0.5
A1 B2 C2 0.1 0.1 0.02 10.0 0.076388917 0.076388917 0.02 0.79 0.24 0.5
A1 B2 C2 0.1 0.1 0.02 15.8 0.047743073 0.047743073 0.02 0.79 0.24 0.5
A1 B2 C2 0.1 0.1 0.02 21.0 0.019097229 0.019097229 0.02 0.79 0.24 0.5
A1 B2 C2 0.1 0.15 0.01 0.0 0.1 0.15 0.01 0.79 0.24 0.5
A1 B2 C2 0.1 0.15 0.01 4.8 0.094976152 0.144976152 0.01 0.79 0.24 0.5
A1 B2 C2 0.1 0.15 0.01 10.5 0.075980922 0.125980922 0.01 0.79 0.24 0.5
A1 B2 C2 0.1 0.15 0.01 15.8 0.047488076 0.097488076 0.01 0.79 0.24 0.5
A1 B2 C2 0.1 0.15 0.01 21.0 0.01899523 0.06899523 0.01 0.79 0.24 0.5
A1 B1 C2 0.1 0.15 0.02 0.0 0.1 0.15 0.02 0.92 0.09 0.84
A1 B1 C2 0.1 0.15 0.02 4.5 0.09408937 0.14408937 0.02 0.92 0.09 0.84
A1 B1 C2 0.1 0.15 0.02 9.8 0.075271496 0.125271496 0.02 0.92 0.09 0.84
A1 B1 C2 0.1 0.15 0.02 15.0 0.047044685 0.097044685 0.02 0.92 0.09 0.84
A1 B1 C2 0.1 0.15 0.02 20.8 0.018817874 0.068817874 0.02 0.92 0.09 0.84
A1 B1 C2 0.1 0.1 0.02 0.0 0.1 0.1 0.02 0.92 0.09 0.84
A1 B1 C2 0.1 0.1 0.02 4.5 0.094074782 0.094074782 0.02 0.92 0.09 0.84
A1 B1 C2 0.1 0.1 0.02 10.0 0.075259825 0.075259825 0.02 0.92 0.09 0.84
A1 B1 C2 0.1 0.1 0.02 15.2 0.047037391 0.047037391 0.02 0.92 0.09 0.84
A1 B1 C2 0.1 0.1 0.02 20.5 0.018814956 0.018814956 0.02 0.92 0.09 0.84
A1 B1 C2 0.1 0.15 0.01 0.0 0.1 0.15 0.01 0.92 0.09 0.84
A1 B1 C2 0.1 0.15 0.01 4.5 0.096693528 0.146693528 0.01 0.92 0.09 0.84
A1 B1 C2 0.1 0.15 0.01 10.0 0.077354822 0.127354822 0.01 0.92 0.09 0.84
A1 B1 C2 0.1 0.15 0.01 15.0 0.048346764 0.098346764 0.01 0.92 0.09 0.84
A1 B1 C2 0.1 0.15 0.01 20.5 0.019338706 0.069338706 0.01 0.92 0.09 0.84
A1 B2 C2 0.1 0.15 0.02 0.0 0.1 0.15 0.02 0.79 0.24 0.5
A1 B2 C2 0.1 0.15 0.02 5.0 0.09484477 0.14484477 0.02 0.79 0.24 0.5
A1 B2 C2 0.1 0.15 0.02 10.2 0.075875816 0.125875816 0.02 0.79 0.24 0.5
A1 B2 C2 0.1 0.15 0.02 16.0 0.047422385 0.097422385 0.02 0.79 0.24 0.5
A1 B2 C2 0.1 0.15 0.02 21.2 0.018968954 0.068968954 0.02 0.79 0.24 0.5
A1 B2 C2 0.1 0.1 0.02 0.0 0.1 0.1 0.02 0.79 0.24 0.5
A1 B2 C2 0.1 0.1 0.02 5.0 0.095486146 0.095486146 0.02 0.79 0.24 0.5
A1 B2 C2 0.1 0.1 0.02 10.2 0.076388917 0.076388917 0.02 0.79 0.24 0.5
A1 B2 C2 0.1 0.1 0.02 16.0 0.047743073 0.047743073 0.02 0.79 0.24 0.5
A1 B2 C2 0.1 0.1 0.02 21.2 0.019097229 0.019097229 0.02 0.79 0.24 0.5
A1 B2 C2 0.1 0.15 0.01 0.0 0.1 0.15 0.01 0.79 0.24 0.5
A1 B2 C2 0.1 0.15 0.01 4.8 0.094976152 0.144976152 0.01 0.79 0.24 0.5
A1 B2 C2 0.1 0.15 0.01 10.0 0.075980922 0.125980922 0.01 0.79 0.24 0.5
A1 B2 C2 0.1 0.15 0.01 15.5 0.047488076 0.097488076 0.01 0.79 0.24 0.5
A1 B2 C2 0.1 0.15 0.01 20.8 0.01899523 0.06899523 0.01 0.79 0.24 0.5
A2 B1 C2 0.1 0.15 0.02 0.0 0.1 0.15 0.02 0.64 0.41 0.56
A2 B1 C2 0.1 0.15 0.02 4.5 0.092262194 0.142262194 0.02 0.64 0.41 0.56
A2 B1 C2 0.1 0.15 0.02 10.0 0.073809755 0.123809755 0.02 0.64 0.41 0.56
A2 B1 C2 0.1 0.15 0.02 15.5 0.046131097 0.096131097 0.02 0.64 0.41 0.56
A2 B1 C2 0.1 0.15 0.02 20.8 0.018452439 0.068452439 0.02 0.64 0.41 0.56
A2 B1 C2 0.1 0.1 0.02 0.0 0.1 0.1 0.02 0.64 0.41 0.56
A2 B1 C2 0.1 0.1 0.02 4.5 0.094457987 0.094457987 0.02 0.64 0.41 0.56
A2 B1 C2 0.1 0.1 0.02 9.8 0.07556639 0.07556639 0.02 0.64 0.41 0.56
A2 B1 C2 0.1 0.1 0.02 15.2 0.047228993 0.047228993 0.02 0.64 0.41 0.56
A2 B1 C2 0.1 0.1 0.02 20.2 0.018891597 0.018891597 0.02 0.64 0.41 0.56
A2 B1 C2 0.1 0.15 0.01 0.0 0.1 0.15 0.01 0.64 0.41 0.56
A2 B1 C2 0.1 0.15 0.01 4.8 0.094747014 0.144747014 0.01 0.64 0.41 0.56
A2 B1 C2 0.1 0.15 0.01 10.0 0.075797611 0.125797611 0.01 0.64 0.41 0.56
A2 B1 C2 0.1 0.15 0.01 15.0 0.047373507 0.097373507 0.01 0.64 0.41 0.56
A2 B1 C2 0.1 0.15 0.01 20.0 0.018949403 0.068949403 0.01 0.64 0.41 0.56
A2 B2 C2 0.1 0.15 0.02 0.0 0.1 0.15 0.02 0.74 0.3 0.5
A2 B2 C2 0.1 0.15 0.02 4.8 0.095104249 0.145104249 0.02 0.74 0.3 0.5
A2 B2 C2 0.1 0.15 0.02 10.0 0.076083399 0.126083399 0.02 0.74 0.3 0.5
A2 B2 C2 0.1 0.15 0.02 15.5 0.047552125 0.097552125 0.02 0.74 0.3 0.5
A2 B2 C2 0.1 0.15 0.02 21.0 0.01902085 0.06902085 0.02 0.74 0.3 0.5
A2 B2 C2 0.1 0.1 0.02 0.0 0.1 0.1 0.02 0.74 0.3 0.5
A2 B2 C2 0.1 0.1 0.02 4.5 0.095948446 0.095948446 0.02 0.74 0.3 0.5
A2 B2 C2 0.1 0.1 0.02 10.0 0.076758757 0.076758757 0.02 0.74 0.3 0.5
A2 B2 C2 0.1 0.1 0.02 15.0 0.047974223 0.047974223 0.02 0.74 0.3 0.5
A2 B2 C2 0.1 0.1 0.02 20.5 0.019189689 0.019189689 0.02 0.74 0.3 0.5
A2 B2 C2 0.1 0.15 0.01 0.0 0.1 0.15 0.01 0.74 0.3 0.5
A2 B2 C2 0.1 0.15 0.01 4.8 0.095295088 0.145295088 0.01 0.74 0.3 0.5
A2 B2 C2 0.1 0.15 0.01 10.2 0.076236071 0.126236071 0.01 0.74 0.3 0.5
A2 B2 C2 0.1 0.15 0.01 15.5 0.047647544 0.097647544 0.01 0.74 0.3 0.5
A2 B2 C2 0.1 0.15 0.01 20.8 0.019059018 0.069059018 0.01 0.74 0.3 0.5
A2 B1 C2 0.1 0.15 0.02 0.0 0.1 0.15 0.02 0.64 0.41 0.56
A2 B1 C2 0.1 0.15 0.02 5.0 0.092262194 0.142262194 0.02 0.64 0.41 0.56
A2 B1 C2 0.1 0.15 0.02 10.0 0.073809755 0.123809755 0.02 0.64 0.41 0.56
A2 B1 C2 0.1 0.15 0.02 15.5 0.046131097 0.096131097 0.02 0.64 0.41 0.56
A2 B1 C2 0.1 0.15 0.02 20.8 0.018452439 0.068452439 0.02 0.64 0.41 0.56
A2 B1 C2 0.1 0.1 0.02 0.0 0.1 0.1 0.02 0.64 0.41 0.56
A2 B1 C2 0.1 0.1 0.02 4.8 0.094457987 0.094457987 0.02 0.64 0.41 0.56
A2 B1 C2 0.1 0.1 0.02 10.2 0.07556639 0.07556639 0.02 0.64 0.41 0.56
A2 B1 C2 0.1 0.1 0.02 15.5 0.047228993 0.047228993 0.02 0.64 0.41 0.56
A2 B1 C2 0.1 0.1 0.02 20.8 0.018891597 0.018891597 0.02 0.64 0.41 0.56
A2 B1 C2 0.1 0.15 0.01 0.0 0.1 0.15 0.01 0.64 0.41 0.56
A2 B1 C2 0.1 0.15 0.01 4.8 0.094747014 0.144747014 0.01 0.64 0.41 0.56
A2 B1 C2 0.1 0.15 0.01 10.0 0.075797611 0.125797611 0.01 0.64 0.41 0.56
A2 B1 C2 0.1 0.15 0.01 15.2 0.047373507 0.097373507 0.01 0.64 0.41 0.56
A2 B1 C2 0.1 0.15 0.01 20.8 0.018949403 0.068949403 0.01 0.64 0.41 0.56
A2 B2 C2 0.1 0.15 0.02 0.0 0.1 0.15 0.02 0.74 0.3 0.5
A2 B2 C2 0.1 0.15 0.02 4.8 0.095104249 0.145104249 0.02 0.74 0.3 0.5
A2 B2 C2 0.1 0.15 0.02 10.5 0.076083399 0.126083399 0.02 0.74 0.3 0.5
A2 B2 C2 0.1 0.15 0.02 15.8 0.047552125 0.097552125 0.02 0.74 0.3 0.5
A2 B2 C2 0.1 0.15 0.02 21.5 0.01902085 0.06902085 0.02 0.74 0.3 0.5
A2 B2 C2 0.1 0.1 0.02 0.0 0.1 0.1 0.02 0.74 0.3 0.5
A2 B2 C2 0.1 0.1 0.02 5.0 0.095948446 0.095948446 0.02 0.74 0.3 0.5
A2 B2 C2 0.1 0.1 0.02 10.2 0.076758757 0.076758757 0.02 0.74 0.3 0.5
A2 B2 C2 0.1 0.1 0.02 15.5 0.047974223 0.047974223 0.02 0.74 0.3 0.5
A2 B2 C2 0.1 0.1 0.02 20.8 0.019189689 0.019189689 0.02 0.74 0.3 0.5
A2 B2 C2 0.1 0.15 0.01 0.0 0.1 0.15 0.01 0.74 0.3 0.5
A2 B2 C2 0.1 0.15 0.01 4.5 0.095295088 0.145295088 0.01 0.74 0.3 0.5
A2 B2 C2 0.1 0.15 0.01 10.0 0.076236071 0.126236071 0.01 0.74 0.3 0.5
A2 B2 C2 0.1 0.15 0.01 15.2 0.047647544 0.097647544 0.01 0.74 0.3 0.5
A2 B2 C2 0.1 0.15 0.01 20.5 0.019059018 0.069059018 0.01 0.74 0.3 0.5
A3 B1 C2 0.1 0.15 0.02 0.0 0.1 0.15 0.02 0.82 0.2 0.5
A3 B1 C2 0.1 0.15 0.02 5.0 0.093477122 0.143477122 0.02 0.82 0.2 0.5
A3 B1 C2 0.1 0.15 0.02 10.3 0.074781697 0.124781697 0.02 0.82 0.2 0.5
A3 B1 C2 0.1 0.15 0.02 15.8 0.046738561 0.096738561 0.02 0.82 0.2 0.5
A3 B1 C2 0.1 0.15 0.02 21.0 0.018695424 0.068695424 0.02 0.82 0.2 0.5
A3 B1 C2 0.1 0.1 0.02 0.0 0.1 0.1 0.02 0.82 0.2 0.5
A3 B1 C2 0.1 0.1 0.02 4.8 0.094167225 0.094167225 0.02 0.82 0.2 0.5
A3 B1 C2 0.1 0.1 0.02 9.8 0.07533378 0.07533378 0.02 0.82 0.2 0.5
A3 B1 C2 0.1 0.1 0.02 15.2 0.047083612 0.047083612 0.02 0.82 0.2 0.5
A3 B1 C2 0.1 0.1 0.02 20.7 0.018833445 0.018833445 0.02 0.82 0.2 0.5
A3 B1 C2 0.1 0.15 0.01 0.0 0.1 0.15 0.01 0.82 0.2 0.5
A3 B1 C2 0.1 0.15 0.01 4.8 0.094160989 0.144160989 0.01 0.82 0.2 0.5
A3 B1 C2 0.1 0.15 0.01 10.2 0.075328791 0.125328791 0.01 0.82 0.2 0.5
A3 B1 C2 0.1 0.15 0.01 15.5 0.047080495 0.097080495 0.01 0.82 0.2 0.5
A3 B1 C2 0.1 0.15 0.01 20.8 0.018832198 0.068832198 0.01 0.82 0.2 0.5
A3 B2 C2 0.1 0.15 0.02 0.0 0.1 0.15 0.02 0.7 0.34 0.52
A3 B2 C2 0.1 0.15 0.02 4.5 0.092881422 0.142881422 0.02 0.7 0.34 0.52
A3 B2 C2 0.1 0.15 0.02 10.0 0.074305138 0.124305138 0.02 0.7 0.34 0.52
A3 B2 C2 0.1 0.15 0.02 15.5 0.046440711 0.096440711 0.02 0.7 0.34 0.52
A3 B2 C2 0.1 0.15 0.02 21.2 0.018576284 0.068576284 0.02 0.7 0.34 0.52
A3 B2 C2 0.1 0.1 0.02 0.0 0.1 0.1 0.02 0.7 0.34 0.52
A3 B2 C2 0.1 0.1 0.02 4.8 0.094363015 0.094363015 0.02 0.7 0.34 0.52
A3 B2 C2 0.1 0.1 0.02 10.2 0.075490412 0.075490412 0.02 0.7 0.34 0.52
A3 B2 C2 0.1 0.1 0.02 15.8 0.047181508 0.047181508 0.02 0.7 0.34 0.52
A3 B2 C2 0.1 0.1 0.02 21.0 0.018872603 0.018872603 0.02 0.7 0.34 0.52
A3 B2 C2 0.1 0.15 0.01 0.0 0.1 0.15 0.01 0.7 0.34 0.52
A3 B2 C2 0.1 0.15 0.01 4.5 0.094662051 0.144662051 0.01 0.7 0.34 0.52
A3 B2 C2 0.1 0.15 0.01 10.2 0.07572964 0.12572964 0.01 0.7 0.34 0.52
A3 B2 C2 0.1 0.15 0.01 15.5 0.047331025 0.097331025 0.01 0.7 0.34 0.52
A3 B2 C2 0.1 0.15 0.01 21.0 0.01893241 0.06893241 0.01 0.7 0.34 0.52
A3 B1 C2 0.1 0.15 0.02 0.0 0.1 0.15 0.02 0.82 0.2 0.5
A3 B1 C2 0.1 0.15 0.02 4.8 0.093477122 0.143477122 0.02 0.82 0.2 0.5
A3 B1 C2 0.1 0.15 0.02 10.0 0.074781697 0.124781697 0.02 0.82 0.2 0.5
A3 B1 C2 0.1 0.15 0.02 15.5 0.046738561 0.096738561 0.02 0.82 0.2 0.5
A3 B1 C2 0.1 0.15 0.02 21.2 0.018695424 0.068695424 0.02 0.82 0.2 0.5
A3 B1 C2 0.1 0.1 0.02 0.0 0.1 0.1 0.02 0.82 0.2 0.5
A3 B1 C2 0.1 0.1 0.02 4.8 0.094167225 0.094167225 0.02 0.82 0.2 0.5
A3 B1 C2 0.1 0.1 0.02 10.0 0.07533378 0.07533378 0.02 0.82 0.2 0.5
A3 B1 C2 0.1 0.1 0.02 15.5 0.047083612 0.047083612 0.02 0.82 0.2 0.5
A3 B1 C2 0.1 0.1 0.02 20.8 0.018833445 0.018833445 0.02 0.82 0.2 0.5
A3 B1 C2 0.1 0.15 0.01 0.0 0.1 0.15 0.01 0.82 0.2 0.5
A3 B1 C2 0.1 0.15 0.01 5.0 0.094160989 0.144160989 0.01 0.82 0.2 0.5
A3 B1 C2 0.1 0.15 0.01 10.2 0.075328791 0.125328791 0.01 0.82 0.2 0.5
A3 B1 C2 0.1 0.15 0.01 15.5 0.047080495 0.097080495 0.01 0.82 0.2 0.5
A3 B1 C2 0.1 0.15 0.01 22.0 0.018832198 0.068832198 0.01 0.82 0.2 0.5
A3 B2 C2 0.1 0.15 0.02 0.0 0.1 0.15 0.02 0.7 0.34 0.52
A3 B2 C2 0.1 0.15 0.02 4.8 0.092881422 0.142881422 0.02 0.7 0.34 0.52
A3 B2 C2 0.1 0.15 0.02 10.2 0.074305138 0.124305138 0.02 0.7 0.34 0.52
A3 B2 C2 0.1 0.15 0.02 15.5 0.046440711 0.096440711 0.02 0.7 0.34 0.52
A3 B2 C2 0.1 0.15 0.02 21.2 0.018576284 0.068576284 0.02 0.7 0.34 0.52
A3 B2 C2 0.1 0.1 0.02 0.0 0.1 0.1 0.02 0.7 0.34 0.52
A3 B2 C2 0.1 0.1 0.02 5.0 0.094363015 0.094363015 0.02 0.7 0.34 0.52
A3 B2 C2 0.1 0.1 0.02 10.5 0.075490412 0.075490412 0.02 0.7 0.34 0.52
A3 B2 C2 0.1 0.1 0.02 16.0 0.047181508 0.047181508 0.02 0.7 0.34 0.52
A3 B2 C2 0.1 0.1 0.02 21.2 0.018872603 0.018872603 0.02 0.7 0.34 0.52
A3 B2 C2 0.1 0.15 0.01 0.0 0.1 0.15 0.01 0.7 0.34 0.52
A3 B2 C2 0.1 0.15 0.01 4.8 0.094662051 0.144662051 0.01 0.7 0.34 0.52
A3 B2 C2 0.1 0.15 0.01 10.2 0.07572964 0.12572964 0.01 0.7 0.34 0.52
A3 B2 C2 0.1 0.15 0.01 16.0 0.047331025 0.097331025 0.01 0.7 0.34 0.52
A3 B2 C2 0.1 0.15 0.01 21.2 0.01893241 0.06893241 0.01 0.7 0.34 0.52
A1 B1 C3 0.1 0.15 0.02 0.0 0.1 0.15 0.02 0.71 0.33 0.77
A1 B1 C3 0.1 0.15 0.02 6.5 0.090392826 0.140392826 0.02 0.71 0.33 0.77
A1 B1 C3 0.1 0.15 0.02 13.0 0.072314261 0.122314261 0.02 0.71 0.33 0.77
A1 B1 C3 0.1 0.15 0.02 19.2 0.045196413 0.095196413 0.02 0.71 0.33 0.77
A1 B1 C3 0.1 0.15 0.02 25.5 0.018078565 0.068078565 0.02 0.71 0.33 0.77
A1 B1 C3 0.1 0.1 0.02 0.0 0.1 0.1 0.02 0.71 0.33 0.77
A1 B1 C3 0.1 0.1 0.02 6.5 0.09236181 0.09236181 0.02 0.71 0.33 0.77
A1 B1 C3 0.1 0.1 0.02 12.8 0.073889448 0.073889448 0.02 0.71 0.33 0.77
A1 B1 C3 0.1 0.1 0.02 19.2 0.046180905 0.046180905 0.02 0.71 0.33 0.77
A1 B1 C3 0.1 0.1 0.02 25.8 0.018472362 0.018472362 0.02 0.71 0.33 0.77
A1 B1 C3 0.1 0.15 0.01 0.0 0.1 0.15 0.01 0.71 0.33 0.77
A1 B1 C3 0.1 0.15 0.01 6.5 0.094377062 0.144377062 0.01 0.71 0.33 0.77
A1 B1 C3 0.1 0.15 0.01 13.2 0.07550165 0.12550165 0.01 0.71 0.33 0.77
A1 B1 C3 0.1 0.15 0.01 19.5 0.047188531 0.097188531 0.01 0.71 0.33 0.77
A1 B1 C3 0.1 0.15 0.01 25.8 0.018875412 0.068875412 0.01 0.71 0.33 0.77
A1 B2 C3 0.1 0.15 0.02 0.0 0.1 0.15 0.02 0.93 0.08 0.52
A1 B2 C3 0.1 0.15 0.02 6.8 0.092562505 0.142562505 0.02 0.93 0.08 0.52
A1 B2 C3 0.1 0.15 0.02 13.5 0.074050004 0.124050004 0.02 0.93 0.08 0.52
A1 B2 C3 0.1 0.15 0.02 19.8 0.046281253 0.096281253 0.02 0.93 0.08 0.52
A1 B2 C3 0.1 0.15 0.02 26.8 0.018512501 0.068512501 0.02 0.93 0.08 0.52
A1 B2 C3 0.1 0.1 0.02 0.0 0.1 0.1 0.02 0.93 0.08 0.52
A1 B2 C3 0.1 0.1 0.02 6.8 0.09258754 0.09258754 0.02 0.93 0.08 0.52
A1 B2 C3 0.1 0.1 0.02 13.5 0.074070032 0.074070032 0.02 0.93 0.08 0.52
A1 B2 C3 0.1 0.1 0.02 20.0 0.04629377 0.04629377 0.02 0.93 0.08 0.52
A1 B2 C3 0.1 0.1 0.02 26.5 0.018517508 0.018517508 0.02 0.93 0.08 0.52
A1 B2 C3 0.1 0.15 0.01 0.0 0.1 0.15 0.01 0.93 0.08 0.52
A1 B2 C3 0.1 0.15 0.01 6.8 0.09449255 0.14449255 0.01 0.93 0.08 0.52
A1 B2 C3 0.1 0.15 0.01 13.0 0.07559404 0.12559404 0.01 0.93 0.08 0.52
A1 B2 C3 0.1 0.15 0.01 19.5 0.047246275 0.097246275 0.01 0.93 0.08 0.52
A1 B2 C3 0.1 0.15 0.01 25.5 0.01889851 0.06889851 0.01 0.93 0.08 0.52
A1 B1 C3 0.1 0.15 0.02 0.0 0.1 0.15 0.02 0.71 0.33 0.77
A1 B1 C3 0.1 0.15 0.02 6.5 0.090392826 0.140392826 0.02 0.71 0.33 0.77
A1 B1 C3 0.1 0.15 0.02 13.5 0.072314261 0.122314261 0.02 0.71 0.33 0.77
A1 B1 C3 0.1 0.15 0.02 20.0 0.045196413 0.095196413 0.02 0.71 0.33 0.77
A1 B1 C3 0.1 0.15 0.02 26.3 0.018078565 0.068078565 0.02 0.71 0.33 0.77
A1 B1 C3 0.1 0.1 0.02 0.0 0.1 0.1 0.02 0.71 0.33 0.77
A1 B1 C3 0.1 0.1 0.02 6.5 0.09236181 0.09236181 0.02 0.71 0.33 0.77
A1 B1 C3 0.1 0.1 0.02 13.0 0.073889448 0.073889448 0.02 0.71 0.33 0.77
A1 B1 C3 0.1 0.1 0.02 19.5 0.046180905 0.046180905 0.02 0.71 0.33 0.77
A1 B1 C3 0.1 0.1 0.02 26.0 0.018472362 0.018472362 0.02 0.71 0.33 0.77
A1 B1 C3 0.1 0.15 0.01 0.0 0.1 0.15 0.01 0.71 0.33 0.77
A1 B1 C3 0.1 0.15 0.01 6.2 0.094377062 0.144377062 0.01 0.71 0.33 0.77
A1 B1 C3 0.1 0.15 0.01 12.8 0.07550165 0.12550165 0.01 0.71 0.33 0.77
A1 B1 C3 0.1 0.15 0.01 19.2 0.047188531 0.097188531 0.01 0.71 0.33 0.77
A1 B1 C3 0.1 0.15 0.01 26.0 0.018875412 0.068875412 0.01 0.71 0.33 0.77
A1 B2 C3 0.1 0.15 0.02 0.0 0.1 0.15 0.02 0.93 0.08 0.52
A1 B2 C3 0.1 0.15 0.02 6.8 0.092562505 0.142562505 0.02 0.93 0.08 0.52
A1 B2 C3 0.1 0.15 0.02 13.5 0.074050004 0.124050004 0.02 0.93 0.08 0.52
A1 B2 C3 0.1 0.15 0.02 20.0 0.046281253 0.096281253 0.02 0.93 0.08 0.52
A1 B2 C3 0.1 0.15 0.02 26.5 0.018512501 0.068512501 0.02 0.93 0.08 0.52
A1 B2 C3 0.1 0.1 0.02 0.0 0.1 0.1 0.02 0.93 0.08 0.52
A1 B2 C3 0.1 0.1 0.02 6.2 0.09258754 0.09258754 0.02 0.93 0.08 0.52
A1 B2 C3 0.1 0.1 0.02 13.2 0.074070032 0.074070032 0.02 0.93 0.08 0.52
A1 B2 C3 0.1 0.1 0.02 19.8 0.04629377 0.04629377 0.02 0.93 0.08 0.52
A1 B2 C3 0.1 0.1 0.02 26.5 0.018517508 0.018517508 0.02 0.93 0.08 0.52
A1 B2 C3 0.1 0.15 0.01 0.0 0.1 0.15 0.01 0.93 0.08 0.52
A1 B2 C3 0.1 0.15 0.01 6.2 0.09449255 0.14449255 0.01 0.93 0.08 0.52
A1 B2 C3 0.1 0.15 0.01 13.0 0.07559404 0.12559404 0.01 0.93 0.08 0.52
A1 B2 C3 0.1 0.15 0.01 19.8 0.047246275 0.097246275 0.01 0.93 0.08 0.52
A1 B2 C3 0.1 0.15 0.01 26.2 0.01889851 0.06889851 0.01 0.93 0.08 0.52
A1 B1 C3 0.1 0.15 0.02 0.0 0.1 0.15 0.02 0.71 0.33 0.77
A1 B1 C3 0.1 0.15 0.02 7.0 0.090392826 0.140392826 0.02 0.71 0.33 0.77
A1 B1 C3 0.1 0.15 0.02 13.5 0.072314261 0.122314261 0.02 0.71 0.33 0.77
A1 B1 C3 0.1 0.15 0.02 20.2 0.045196413 0.095196413 0.02 0.71 0.33 0.77
A1 B1 C3 0.1 0.15 0.02 27.0 0.018078565 0.068078565 0.02 0.71 0.33 0.77
A1 B1 C3 0.1 0.1 0.02 0.0 0.1 0.1 0.02 0.71 0.33 0.77
A1 B1 C3 0.1 0.1 0.02 6.8 0.09236181 0.09236181 0.02 0.71 0.33 0.77
A1 B1 C3 0.1 0.1 0.02 13.2 0.073889448 0.073889448 0.02 0.71 0.33 0.77
A1 B1 C3 0.1 0.1 0.02 20.2 0.046180905 0.046180905 0.02 0.71 0.33 0.77
A1 B1 C3 0.1 0.1 0.02 26.8 0.018472362 0.018472362 0.02 0.71 0.33 0.77
A1 B1 C3 0.1 0.15 0.01 0.0 0.1 0.15 0.01 0.71 0.33 0.77
A1 B1 C3 0.1 0.15 0.01 6.2 0.094377062 0.144377062 0.01 0.71 0.33 0.77
A1 B1 C3 0.1 0.15 0.01 12.7 0.07550165 0.12550165 0.01 0.71 0.33 0.77
A1 B1 C3 0.1 0.15 0.01 19.0 0.047188531 0.097188531 0.01 0.71 0.33 0.77
A1 B1 C3 0.1 0.15 0.01 25.2 0.018875412 0.068875412 0.01 0.71 0.33 0.77
A1 B2 C3 0.1 0.15 0.02 0.0 0.1 0.15 0.02 0.93 0.08 0.52
A1 B2 C3 0.1 0.15 0.02 6.8 0.092562505 0.142562505 0.02 0.93 0.08 0.52
A1 B2 C3 0.1 0.15 0.02 13.5 0.074050004 0.124050004 0.02 0.93 0.08 0.52
A1 B2 C3 0.1 0.15 0.02 20.0 0.046281253 0.096281253 0.02 0.93 0.08 0.52
A1 B2 C3 0.1 0.15 0.02 26.5 0.018512501 0.068512501 0.02 0.93 0.08 0.52
A1 B2 C3 0.1 0.1 0.02 0.0 0.1 0.1 0.02 0.93 0.08 0.52
A1 B2 C3 0.1 0.1 0.02 6.8 0.09258754 0.09258754 0.02 0.93 0.08 0.52
A1 B2 C3 0.1 0.1 0.02 13.2 0.074070032 0.074070032 0.02 0.93 0.08 0.52
A1 B2 C3 0.1 0.1 0.02 19.8 0.04629377 0.04629377 0.02 0.93 0.08 0.52
A1 B2 C3 0.1 0.1 0.02 26.5 0.018517508 0.018517508 0.02 0.93 0.08 0.52
A1 B2 C3 0.1 0.15 0.01 0.0 0.1 0.15 0.01 0.93 0.08 0.52
A1 B2 C3 0.1 0.15 0.01 6.8 0.09449255 0.14449255 0.01 0.93 0.08 0.52
A1 B2 C3 0.1 0.15 0.01 13.5 0.07559404 0.12559404 0.01 0.93 0.08 0.52
A1 B2 C3 0.1 0.15 0.01 20.0 0.047246275 0.097246275 0.01 0.93 0.08 0.52
A1 B2 C3 0.1 0.15 0.01 26.5 0.01889851 0.06889851 0.01 0.93 0.08 0.52
A4 B1 C3 0.1 0.15 0.02 0.0 0.1 0.15 0.02 0.73 0.31 1.0
A4 B1 C3 0.1 0.15 0.02 6.8 0.092950253 0.142950253 0.02 0.73 0.31 1.0
A4 B1 C3 0.1 0.15 0.02 13.2 0.074360203 0.124360203 0.02 0.73 0.31 1.0
A4 B1 C3 0.1 0.15 0.02 19.5 0.046475127 0.096475127 0.02 0.73 0.31 1.0
A4 B1 C3 0.1 0.15 0.02 26.0 0.018590051 0.068590051 0.02 0.73 0.31 1.0
A4 B1 C3 0.1 0.1 0.02 0.0 0.1 0.1 0.02 0.73 0.31 1.0
A4 B1 C3 0.1 0.1 0.02 6.5 0.094232501 0.094232501 0.02 0.73 0.31 1.0
A4 B1 C3 0.1 0.1 0.02 12.8 0.075386001 0.075386001 0.02 0.73 0.31 1.0
A4 B1 C3 0.1 0.1 0.02 19.3 0.047116251 0.047116251 0.02 0.73 0.31 1.0
A4 B1 C3 0.1 0.1 0.02 26.0 0.0188465 0.0188465 0.02 0.73 0.31 1.0
A4 B1 C3 0.1 0.15 0.01 0.0 0.1 0.15 0.01 0.73 0.31 1.0
A4 B1 C3 0.1 0.15 0.01 6.7 0.097212828 0.147212828 0.01 0.73 0.31 1.0
A4 B1 C3 0.1 0.15 0.01 13.0 0.077770263 0.127770263 0.01 0.73 0.31 1.0
A4 B1 C3 0.1 0.15 0.01 19.7 0.048606414 0.098606414 0.01 0.73 0.31 1.0
A4 B1 C3 0.1 0.15 0.01 26.2 0.019442566 0.069442566 0.01 0.73 0.31 1.0
A4 B2 C3 0.1 0.15 0.02 0.0 0.1 0.15 0.02 0.85 0.18 0.51
A4 B2 C3 0.1 0.15 0.02 6.5 0.094866114 0.144866114 0.02 0.85 0.18 0.51
A4 B2 C3 0.1 0.15 0.02 13.0 0.075892891 0.125892891 0.02 0.85 0.18 0.51
A4 B2 C3 0.1 0.15 0.02 19.5 0.047433057 0.097433057 0.02 0.85 0.18 0.51
A4 B2 C3 0.1 0.15 0.02 26.2 0.018973223 0.068973223 0.02 0.85 0.18 0.51
A4 B2 C3 0.1 0.1 0.02 0.0 0.1 0.1 0.02 0.85 0.18 0.51
A4 B2 C3 0.1 0.1 0.02 6.5 0.095257904 0.095257904 0.02 0.85 0.18 0.51
A4 B2 C3 0.1 0.1 0.02 13.0 0.076206323 0.076206323 0.02 0.85 0.18 0.51
A4 B2 C3 0.1 0.1 0.02 19.3 0.047628952 0.047628952 0.02 0.85 0.18 0.51
A4 B2 C3 0.1 0.1 0.02 26.0 0.019051581 0.019051581 0.02 0.85 0.18 0.51
A4 B2 C3 0.1 0.15 0.01 0.0 0.1 0.15 0.01 0.85 0.18 0.51
A4 B2 C3 0.1 0.15 0.01 6.8 0.09586329 0.14586329 0.01 0.85 0.18 0.51
A4 B2 C3 0.1 0.15 0.01 13.0 0.076690632 0.126690632 0.01 0.85 0.18 0.51
A4 B2 C3 0.1 0.15 0.01 19.8 0.047931645 0.097931645 0.01 0.85 0.18 0.51
A4 B2 C3 0.1 0.15 0.01 26.0 0.019172658 0.069172658 0.01 0.85 0.18 0.51
A4 B1 C3 0.1 0.15 0.02 0.0 0.1 0.15 0.02 0.73 0.31 1.0
A4 B1 C3 0.1 0.15 0.02 6.5 0.092950253 0.142950253 0.02 0.73 0.31 1.0
A4 B1 C3 0.1 0.15 0.02 13.2 0.074360203 0.124360203 0.02 0.73 0.31 1.0
A4 B1 C3 0.1 0.15 0.02 19.5 0.046475127 0.096475127 0.02 0.73 0.31 1.0
A4 B1 C3 0.1 0.15 0.02 26.3 0.018590051 0.068590051 0.02 0.73 0.31 1.0
A4 B1 C3 0.1 0.1 0.02 0.0 0.1 0.1 0.02 0.73 0.31 1.0
A4 B1 C3 0.1 0.1 0.02 6.2 0.094232501 0.094232501 0.02 0.73 0.31 1.0
A4 B1 C3 0.1 0.1 0.02 12.8 0.075386001 0.075386001 0.02 0.73 0.31 1.0
A4 B1 C3 0.1 0.1 0.02 19.2 0.047116251 0.047116251 0.02 0.73 0.31 1.0
A4 B1 C3 0.1 0.1 0.02 25.5 0.0188465 0.0188465 0.02 0.73 0.31 1.0
A4 B1 C3 0.1 0.15 0.01 0.0 0.1 0.15 0.01 0.73 0.31 1.0
A4 B1 C3 0.1 0.15 0.01 6.5 0.097212828 0.147212828 0.01 0.73 0.31 1.0
A4 B1 C3 0.1 0.15 0.01 13.0 0.077770263 0.127770263 0.01 0.73 0.31 1.0
A4 B1 C3 0.1 0.15 0.01 19.3 0.048606414 0.098606414 0.01 0.73 0.31 1.0
A4 B1 C3 0.1 0.15 0.01 25.8 0.019442566 0.069442566 0.01 0.73 0.31 1.0
A4 B2 C3 0.1 0.15 0.02 0.0 0.1 0.15 0.02 0.85 0.18 0.51
A4 B2 C3 0.1 0.15 0.02 6.5 0.094866114 0.144866114 0.02 0.85 0.18 0.51
A4 B2 C3 0.1 0.15 0.02 13.2 0.075892891 0.125892891 0.02 0.85 0.18 0.51
A4 B2 C3 0.1 0.15 0.02 19.8 0.047433057 0.097433057 0.02 0.85 0.18 0.51
A4 B2 C3 0.1 0.15 0.02 26.0 0.018973223 0.068973223 0.02 0.85 0.18 0.51
A4 B2 C3 0.1 0.1 0.02 0.0 0.1 0.1 0.02 0.85 0.18 0.51
A4 B2 C3 0.1 0.1 0.02 6.5 0.095257904 0.095257904 0.02 0.85 0.18 0.51
A4 B2 C3 0.1 0.1 0.02 13.0 0.076206323 0.076206323 0.02 0.85 0.18 0.51
A4 B2 C3 0.1 0.1 0.02 19.5 0.047628952 0.047628952 0.02 0.85 0.18 0.51
A4 B2 C3 0.1 0.1 0.02 26.2 0.019051581 0.019051581 0.02 0.85 0.18 0.51
A4 B2 C3 0.1 0.15 0.01 0.0 0.1 0.15 0.01 0.85 0.18 0.51
A4 B2 C3 0.1 0.15 0.01 6.8 0.09586329 0.14586329 0.01 0.85 0.18 0.51
A4 B2 C3 0.1 0.15 0.01 13.5 0.076690632 0.126690632 0.01 0.85 0.18 0.51
A4 B2 C3 0.1 0.15 0.01 20.0 0.047931645 0.097931645 0.01 0.85 0.18 0.51
A4 B2 C3 0.1 0.15 0.01 26.5 0.019172658 0.069172658 0.01 0.85 0.18 0.51
A4 B1 C3 0.1 0.15 0.02 0.0 0.1 0.15 0.02 0.73 0.31 1.0
A4 B1 C3 0.1 0.15 0.02 6.5 0.092950253 0.142950253 0.02 0.73 0.31 1.0
A4 B1 C3 0.1 0.15 0.02 13.0 0.074360203 0.124360203 0.02 0.73 0.31 1.0
A4 B1 C3 0.1 0.15 0.02 19.5 0.046475127 0.096475127 0.02 0.73 0.31 1.0
A4 B1 C3 0.1 0.15 0.02 26.2 0.018590051 0.068590051 0.02 0.73 0.31 1.0
A4 B1 C3 0.1 0.1 0.02 0.0 0.1 0.1 0.02 0.73 0.31 1.0
A4 B1 C3 0.1 0.1 0.02 6.2 0.094232501 0.094232501 0.02 0.73 0.31 1.0
A4 B1 C3 0.1 0.1 0.02 12.8 0.075386001 0.075386001 0.02 0.73 0.31 1.0
A4 B1 C3 0.1 0.1 0.02 19.5 0.047116251 0.047116251 0.02 0.73 0.31 1.0
A4 B1 C3 0.1 0.1 0.02 26.0 0.0188465 0.0188465 0.02 0.73 0.31 1.0
A4 B1 C3 0.1 0.15 0.01 0.0 0.1 0.15 0.01 0.73 0.31 1.0
A4 B1 C3 0.1 0.15 0.01 6.8 0.097212828 0.147212828 0.01 0.73 0.31 1.0
A4 B1 C3 0.1 0.15 0.01 13.3 0.077770263 0.127770263 0.01 0.73 0.31 1.0
A4 B1 C3 0.1 0.15 0.01 19.5 0.048606414 0.098606414 0.01 0.73 0.31 1.0
A4 B1 C3 0.1 0.15 0.01 26.0 0.019442566 0.069442566 0.01 0.73 0.31 1.0
A4 B2 C3 0.1 0.15 0.02 0.0 0.1 0.15 0.02 0.85 0.18 0.51
A4 B2 C3 0.1 0.15 0.02 6.5 0.094866114 0.144866114 0.02 0.85 0.18 0.51
A4 B2 C3 0.1 0.15 0.02 13.2 0.075892891 0.125892891 0.02 0.85 0.18 0.51
A4 B2 C3 0.1 0.15 0.02 20.0 0.047433057 0.097433057 0.02 0.85 0.18 0.51
A4 B2 C3 0.1 0.15 0.02 26.2 0.018973223 0.068973223 0.02 0.85 0.18 0.51
A4 B2 C3 0.1 0.1 0.02 0.0 0.1 0.1 0.02 0.85 0.18 0.51
A4 B2 C3 0.1 0.1 0.02 6.2 0.095257904 0.095257904 0.02 0.85 0.18 0.51
A4 B2 C3 0.1 0.1 0.02 12.7 0.076206323 0.076206323 0.02 0.85 0.18 0.51
A4 B2 C3 0.1 0.1 0.02 19.5 0.047628952 0.047628952 0.02 0.85 0.18 0.51
A4 B2 C3 0.1 0.1 0.02 26.0 0.019051581 0.019051581 0.02 0.85 0.18 0.51
A4 B2 C3 0.1 0.15 0.01 0.0 0.1 0.15 0.01 0.85 0.18 0.51
A4 B2 C3 0.1 0.15 0.01 6.5 0.09586329 0.14586329 0.01 0.85 0.18 0.51
A4 B2 C3 0.1 0.15 0.01 13.0 0.076690632 0.126690632 0.01 0.85 0.18 0.51
A4 B2 C3 0.1 0.15 0.01 19.2 0.047931645 0.097931645 0.01 0.85 0.18 0.51
A4 B2 C3 0.1 0.15 0.01 25.8 0.019172658 0.069172658 0.01 0.85 0.18 0.51
A2 B1 C3 0.1 0.15 0.02 0.0 0.1 0.15 0.02 0.86 0.16 0.51
A2 B1 C3 0.1 0.15 0.02 7.0 0.090386008 0.140386008 0.02 0.86 0.16 0.51
A2 B1 C3 0.1 0.15 0.02 13.5 0.072308806 0.122308806 0.02 0.86 0.16 0.51
A2 B1 C3 0.1 0.15 0.02 20.2 0.045193004 0.095193004 0.02 0.86 0.16 0.51
A2 B1 C3 0.1 0.15 0.02 27.0 0.018077202 0.068077202 0.02 0.86 0.16 0.51
A2 B1 C3 0.1 0.1 0.02 0.0 0.1 0.1 0.02 0.86 0.16 0.51
A2 B1 C3 0.1 0.1 0.02 6.5 0.091217677 0.091217677 0.02 0.86 0.16 0.51
A2 B1 C3 0.1 0.1 0.02 13.0 0.072974142 0.072974142 0.02 0.86 0.16 0.51
A2 B1 C3 0.1 0.1 0.02 19.8 0.045608838 0.045608838 0.02 0.86 0.16 0.51
A2 B1 C3 0.1 0.1 0.02 26.5 0.018243535 0.018243535 0.02 0.86 0.16 0.51
A2 B1 C3 0.1 0.15 0.01 0.0 0.1 0.15 0.01 0.86 0.16 0.51
A2 B1 C3 0.1 0.15 0.01 6.5 0.092907547 0.142907547 0.01 0.86 0.16 0.51
A2 B1 C3 0.1 0.15 0.01 13.5 0.074326038 0.124326038 0.01 0.86 0.16 0.51
A2 B1 C3 0.1 0.15 0.01 19.8 0.046453774 0.096453774 0.01 0.86 0.16 0.51
A2 B1 C3 0.1 0.15 0.01 26.5 0.018581509 0.068581509 0.01 0.86 0.16 0.51
A2 B2 C3 0.1 0.15 0.02 0.0 0.1 0.15 0.02 0.96 0.05 0.51
A2 B2 C3 0.1 0.15 0.02 6.8 0.091636975 0.141636975 0.02 0.96 0.05 0.51
A2 B2 C3 0.1 0.15 0.02 13.5 0.07330958 0.12330958 0.02 0.96 0.05 0.51
A2 B2 C3 0.1 0.15 0.02 20.0 0.045818487 0.095818487 0.02 0.96 0.05 0.51
A2 B2 C3 0.1 0.15 0.02 26.8 0.018327395 0.068327395 0.02 0.96 0.05 0.51
A2 B2 C3 0.1 0.1 0.02 0.0 0.1 0.1 0.02 0.96 0.05 0.51
A2 B2 C3 0.1 0.1 0.02 6.8 0.091379223 0.091379223 0.02 0.96 0.05 0.51
A2 B2 C3 0.1 0.1 0.02 13.5 0.073103378 0.073103378 0.02 0.96 0.05 0.51
A2 B2 C3 0.1 0.1 0.02 20.0 0.045689612 0.045689612 0.02 0.96 0.05 0.51
A2 B2 C3 0.1 0.1 0.02 26.8 0.018275845 0.018275845 0.02 0.96 0.05 0.51
A2 B2 C3 0.1 0.15 0.01 0.0 0.1 0.15 0.01 0.96 0.05 0.51
A2 B2 C3 0.1 0.15 0.01 6.8 0.093600726 0.143600726 0.01 0.96 0.05 0.51
A2 B2 C3 0.1 0.15 0.01 13.5 0.074880581 0.124880581 0.01 0.96 0.05 0.51
A2 B2 C3 0.1 0.15 0.01 20.2 0.046800363 0.096800363 0.01 0.96 0.05 0.51
A2 B2 C3 0.1 0.15 0.01 26.8 0.018720145 0.068720145 0.01 0.96 0.05 0.51
A2 B1 C3 0.1 0.15 0.02 0.0 0.1 0.15 0.02 0.86 0.16 0.51
A2 B1 C3 0.1 0.15 0.02 7.0 0.090386008 0.140386008 0.02 0.86 0.16 0.51
A2 B1 C3 0.1 0.15 0.02 13.2 0.072308806 0.122308806 0.02 0.86 0.16 0.51
A2 B1 C3 0.1 0.15 0.02 20.0 0.045193004 0.095193004 0.02 0.86 0.16 0.51
A2 B1 C3 0.1 0.15 0.02 26.8 0.018077202 0.068077202 0.02 0.86 0.16 0.51
A2 B1 C3 0.1 0.1 0.02 0.0 0.1 0.1 0.02 0.86 0.16 0.51
A2 B1 C3 0.1 0.1 0.02 7.0 0.091217677 0.091217677 0.02 0.86 0.16 0.51
A2 B1 C3 0.1 0.1 0.02 13.5 0.072974142 0.072974142 0.02 0.86 0.16 0.51
A2 B1 C3 0.1 0.1 0.02 20.2 0.045608838 0.045608838 0.02 0.86 0.16 0.51
A2 B1 C3 0.1 0.1 0.02 26.7 0.018243535 0.018243535 0.02 0.86 0.16 0.51
A2 B1 C3 0.1 0.15 0.01 0.0 0.1 0.15 0.01 0.86 0.16 0.51
A2 B1 C3 0.1 0.15 0.01 6.5 0.092907547 0.142907547 0.01 0.86 0.16 0.51
A2 B1 C3 0.1 0.15 0.01 13.0 0.074326038 0.124326038 0.01 0.86 0.16 0.51
A2 B1 C3 0.1 0.15 0.01 20.0 0.046453774 0.096453774 0.01 0.86 0.16 0.51
A2 B1 C3 0.1 0.15 0.01 26.2 0.018581509 0.068581509 0.01 0.86 0.16 0.51
A2 B2 C3 0.1 0.15 0.02 0.0 0.1 0.15 0.02 0.96 0.05 0.51
A2 B2 C3 0.1 0.15 0.02 6.7 0.091636975 0.141636975 0.02 0.96 0.05 0.51
A2 B2 C3 0.1 0.15 0.02 13.2 0.07330958 0.12330958 0.02 0.96 0.05 0.51
A2 B2 C3 0.1 0.15 0.02 20.0 0.045818487 0.095818487 0.02 0.96 0.05 0.51
A2 B2 C3 0.1 0.15 0.02 26.2 0.018327395 0.068327395 0.02 0.96 0.05 0.51
A2 B2 C3 0.1 0.1 0.02 0.0 0.1 0.1 0.02 0.96 0.05 0.51
A2 B2 C3 0.1 0.1 0.02 7.0 0.091379223 0.091379223 0.02 0.96 0.05 0.51
A2 B2 C3 0.1 0.1 0.02 13.8 0.073103378 0.073103378 0.02 0.96 0.05 0.51
A2 B2 C3 0.1 0.1 0.02 20.8 0.045689612 0.045689612 0.02 0.96 0.05 0.51
A2 B2 C3 0.1 0.1 0.02 27.2 0.018275845 0.018275845 0.02 0.96 0.05 0.51
A2 B2 C3 0.1 0.15 0.01 0.0 0.1 0.15 0.01 0.96 0.05 0.51
A2 B2 C3 0.1 0.15 0.01 6.8 0.093600726 0.143600726 0.01 0.96 0.05 0.51
A2 B2 C3 0.1 0.15 0.01 13.2 0.074880581 0.124880581 0.01 0.96 0.05 0.51
A2 B2 C3 0.1 0.15 0.01 19.8 0.046800363 0.096800363 0.01 0.96 0.05 0.51
A2 B2 C3 0.1 0.15 0.01 26.5 0.018720145 0.068720145 0.01 0.96 0.05 0.51
A2 B1 C3 0.1 0.15 0.02 0.0 0.1 0.15 0.02 0.86 0.16 0.51
A2 B1 C3 0.1 0.15 0.02 6.5 0.090386008 0.140386008 0.02 0.86 0.16 0.51
A2 B1 C3 0.1 0.15 0.02 13.5 0.072308806 0.122308806 0.02 0.86 0.16 0.51
A2 B1 C3 0.1 0.15 0.02 20.0 0.045193004 0.095193004 0.02 0.86 0.16 0.51
A2 B1 C3 0.1 0.15 0.02 27.0 0.018077202 0.068077202 0.02 0.86 0.16 0.51
A2 B1 C3 0.1 0.1 0.02 0.0 0.1 0.1 0.02 0.86 0.16 0.51
A2 B1 C3 0.1 0.1 0.02 6.8 0.091217677 0.091217677 0.02 0.86 0.16 0.51
A2 B1 C3 0.1 0.1 0.02 13.0 0.072974142 0.072974142 0.02 0.86 0.16 0.51
A2 B1 C3 0.1 0.1 0.02 19.8 0.045608838 0.045608838 0.02 0.86 0.16 0.51
A2 B1 C3 0.1 0.1 0.02 26.2 0.018243535 0.018243535 0.02 0.86 0.16 0.51
A2 B1 C3 0.1 0.15 0.01 0.0 0.1 0.15 0.01 0.86 0.16 0.51
A2 B1 C3 0.1 0.15 0.01 6.5 0.092907547 0.142907547 0.01 0.86 0.16 0.51
A2 B1 C3 0.1 0.15 0.01 13.0 0.074326038 0.124326038 0.01 0.86 0.16 0.51
A2 B1 C3 0.1 0.15 0.01 19.5 0.046453774 0.096453774 0.01 0.86 0.16 0.51
A2 B1 C3 0.1 0.15 0.01 26.2 0.018581509 0.068581509 0.01 0.86 0.16 0.51
A2 B2 C3 0.1 0.15 0.02 0.0 0.1 0.15 0.02 0.96 0.05 0.51
A2 B2 C3 0.1 0.15 0.02 6.5 0.091636975 0.141636975 0.02 0.96 0.05 0.51
A2 B2 C3 0.1 0.15 0.02 13.2 0.07330958 0.12330958 0.02 0.96 0.05 0.51
A2 B2 C3 0.1 0.15 0.02 19.8 0.045818487 0.095818487 0.02 0.96 0.05 0.51
A2 B2 C3 0.1 0.15 0.02 26.5 0.018327395 0.068327395 0.02 0.96 0.05 0.51
A2 B2 C3 0.1 0.1 0.02 0.0 0.1 0.1 0.02 0.96 0.05 0.51
A2 B2 C3 0.1 0.1 0.02 6.8 0.091379223 0.091379223 0.02 0.96 0.05 0.51
A2 B2 C3 0.1 0.1 0.02 13.5 0.073103378 0.073103378 0.02 0.96 0.05 0.51
A2 B2 C3 0.1 0.1 0.02 20.2 0.045689612 0.045689612 0.02 0.96 0.05 0.51
A2 B2 C3 0.1 0.1 0.02 26.8 0.018275845 0.018275845 0.02 0.96 0.05 0.51
A2 B2 C3 0.1 0.15 0.01 0.0 0.1 0.15 0.01 0.96 0.05 0.51
A2 B2 C3 0.1 0.15 0.01 6.8 0.093600726 0.143600726 0.01 0.96 0.05 0.51
A2 B2 C3 0.1 0.15 0.01 13.2 0.074880581 0.124880581 0.01 0.96 0.05 0.51
A2 B2 C3 0.1 0.15 0.01 20.0 0.046800363 0.096800363 0.01 0.96 0.05 0.51
A2 B2 C3 0.1 0.15 0.01 26.8 0.018720145 0.068720145 0.01 0.96 0.05 0.51
A3 B1 C3 0.1 0.15 0.02 0.0 0.1 0.15 0.02 0.94 0.06 0.52
A3 B1 C3 0.1 0.15 0.02 6.5 0.095215147 0.145215147 0.02 0.94 0.06 0.52
A3 B1 C3 0.1 0.15 0.02 12.8 0.076172118 0.126172118 0.02 0.94 0.06 0.52
A3 B1 C3 0.1 0.15 0.02 19.3 0.047607573 0.097607573 0.02 0.94 0.06 0.52
A3 B1 C3 0.1 0.15 0.02 26.0 0.019043029 0.069043029 0.02 0.94 0.06 0.52
A3 B1 C3 0.1 0.1 0.02 0.0 0.1 0.1 0.02 0.94 0.06 0.52
A3 B1 C3 0.1 0.1 0.02 6.5 0.094561673 0.094561673 0.02 0.94 0.06 0.52
A3 B1 C3 0.1 0.1 0.02 12.7 0.075649338 0.075649338 0.02 0.94 0.06 0.52
A3 B1 C3 0.1 0.1 0.02 19.2 0.047280837 0.047280837 0.02 0.94 0.06 0.52
A3 B1 C3 0.1 0.1 0.02 25.7 0.018912335 0.018912335 0.02 0.94 0.06 0.52
A3 B1 C3 0.1 0.15 0.01 0.0 0.1 0.15 0.01 0.94 0.06 0.52
A3 B1 C3 0.1 0.15 0.01 6.2 0.096470208 0.146470208 0.01 0.94 0.06 0.52
A3 B1 C3 0.1 0.15 0.01 12.8 0.077176166 0.127176166 0.01 0.94 0.06 0.52
A3 B1 C3 0.1 0.15 0.01 19.2 0.048235104 0.098235104 0.01 0.94 0.06 0.52
A3 B1 C3 0.1 0.15 0.01 25.8 0.019294042 0.069294042 0.01 0.94 0.06 0.52
A3 B2 C3 0.1 0.15 0.02 0.0 0.1 0.15 0.02 0.68 0.36 0.51
A3 B2 C3 0.1 0.15 0.02 6.5 0.093262215 0.143262215 0.02 0.68 0.36 0.51
A3 B2 C3 0.1 0.15 0.02 12.8 0.074609772 0.124609772 0.02 0.68 0.36 0.51
A3 B2 C3 0.1 0.15 0.02 19.0 0.046631108 0.096631108 0.02 0.68 0.36 0.51
A3 B2 C3 0.1 0.15 0.02 25.5 0.018652443 0.068652443 0.02 0.68 0.36 0.51
A3 B2 C3 0.1 0.1 0.02 0.0 0.1 0.1 0.02 0.68 0.36 0.51
A3 B2 C3 0.1 0.1 0.02 6.8 0.094744836 0.094744836 0.02 0.68 0.36 0.51
A3 B2 C3 0.1 0.1 0.02 13.0 0.075795869 0.075795869 0.02 0.68 0.36 0.51
A3 B2 C3 0.1 0.1 0.02 19.5 0.047372418 0.047372418 0.02 0.68 0.36 0.51
A3 B2 C3 0.1 0.1 0.02 26.0 0.018948967 0.018948967 0.02 0.68 0.36 0.51
A3 B2 C3 0.1 0.15 0.01 0.0 0.1 0.15 0.01 0.68 0.36 0.51
A3 B2 C3 0.1 0.15 0.01 6.8 0.094323996 0.144323996 0.01 0.68 0.36 0.51
A3 B2 C3 0.1 0.15 0.01 13.2 0.075459196 0.125459196 0.01 0.68 0.36 0.51
A3 B2 C3 0.1 0.15 0.01 19.5 0.047161998 0.097161998 0.01 0.68 0.36 0.51
A3 B2 C3 0.1 0.15 0.01 26.0 0.018864799 0.068864799 0.01 0.68 0.36 0.51
A3 B1 C3 0.1 0.15 0.02 0.0 0.1 0.15 0.02 0.94 0.06 0.52
A3 B1 C3 0.1 0.15 0.02 6.5 0.095215147 0.145215147 0.02 0.94 0.06 0.52
A3 B1 C3 0.1 0.15 0.02 12.8 0.076172118 0.126172118 0.02 0.94 0.06 0.52
A3 B1 C3 0.1 0.15 0.02 19.5 0.047607573 0.097607573 0.02 0.94 0.06 0.52
A3 B1 C3 0.1 0.15 0.02 26.0 0.019043029 0.069043029 0.02 0.94 0.06 0.52
A3 B1 C3 0.1 0.1 0.02 0.0 0.1 0.1 0.02 0.94 0.06 0.52
A3 B1 C3 0.1 0.1 0.02 6.2 0.094561673 0.094561673 0.02 0.94 0.06 0.52
A3 B1 C3 0.1 0.1 0.02 12.8 0.075649338 0.075649338 0.02 0.94 0.06 0.52
A3 B1 C3 0.1 0.1 0.02 19.8 0.047280837 0.047280837 0.02 0.94 0.06 0.52
A3 B1 C3 0.1 0.1 0.02 26.2 0.018912335 0.018912335 0.02 0.94 0.06 0.52
A3 B1 C3 0.1 0.15 0.01 0.0 0.1 0.15 0.01 0.94 0.06 0.52
A3 B1 C3 0.1 0.15 0.01 6.5 0.096470208 0.146470208 0.01 0.94 0.06 0.52
A3 B1 C3 0.1 0.15 0.01 13.0 0.077176166 0.127176166 0.01 0.94 0.06 0.52
A3 B1 C3 0.1 0.15 0.01 19.5 0.048235104 0.098235104 0.01 0.94 0.06 0.52
A3 B1 C3 0.1 0.15 0.01 26.0 0.019294042 0.069294042 0.01 0.94 0.06 0.52
A3 B2 C3 0.1 0.15 0.02 0.0 0.1 0.15 0.02 0.68 0.36 0.51
A3 B2 C3 0.1 0.15 0.02 6.5 0.093262215 0.143262215 0.02 0.68 0.36 0.51
A3 B2 C3 0.1 0.15 0.02 13.0 0.074609772 0.124609772 0.02 0.68 0.36 0.51
A3 B2 C3 0.1 0.15 0.02 19.2 0.046631108 0.096631108 0.02 0.68 0.36 0.51
A3 B2 C3 0.1 0.15 0.02 25.5 0.018652443 0.068652443 0.02 0.68 0.36 0.51
A3 B2 C3 0.1 0.1 0.02 0.0 0.1 0.1 0.02 0.68 0.36 0.51
A3 B2 C3 0.1 0.1 0.02 6.5 0.094744836 0.094744836 0.02 0.68 0.36 0.51
A3 B2 C3 0.1 0.1 0.02 12.8 0.075795869 0.075795869 0.02 0.68 0.36 0.51
A3 B2 C3 0.1 0.1 0.02 19.5 0.047372418 0.047372418 0.02 0.68 0.36 0.51
A3 B2 C3 0.1 0.1 0.02 26.0 0.018948967 0.018948967 0.02 0.68 0.36 0.51
A3 B2 C3 0.1 0.15 0.01 0.0 0.1 0.15 0.01 0.68 0.36 0.51
A3 B2 C3 0.1 0.15 0.01 6.8 0.094323996 0.144323996 0.01 0.68 0.36 0.51
A3 B2 C3 0.1 0.15 0.01 13.2 0.075459196 0.125459196 0.01 0.68 0.36 0.51
A3 B2 C3 0.1 0.15 0.01 20.0 0.047161998 0.097161998 0.01 0.68 0.36 0.51
A3 B2 C3 0.1 0.15 0.01 26.5 0.018864799 0.068864799 0.01 0.68 0.36 0.51
